53.90	983.80	9	7	52	0
53.21	1018.17	8	7	45	0
53.51	599.20	6	8	34	0
58.95	401.74	5	6	17	0
58.19	959.48	4	4	11	0
61.20	557.37	5	7	23	0
60.71	876.66	5	4	16	0
65.53	695.37	6	10	40	0
66.49	354.59	6	6	16	0
66.23	400.95	4	7	17	0
68.08	331.54	5	4	16	0
69.35	347.22	4	4	11	0
69.93	435.03	5	9	39	0
71.18	1038.61	5	5	12	0
71.89	679.14	4	6	17	0
71.39	705.42	4	6	14	0
75.23	622.59	4	5	15	0
76.58	806.70	6	8	36	0
77.14	1010.34	5	6	24	0
84.51	351.80	4	4	6	0
88.60	262.16	7	7	35	0
88.93	535.68	5	4	14	0
91.55	502.25	4	8	19	0
94.50	725.34	9	5	30	0
94.41	559.83	4	4	11	0
98.73	685.15	7	7	28	0
101.74	764.57	6	4	16	0
102.03	999.43	5	4	8	0
103.31	420.74	6	5	12	0
104.45	712.89	6	4	13	0
105.12	775.40	5	4	15	0
109.66	272.99	7	8	33	0
108.76	850.48	5	4	12	0
110.61	453.34	4	4	10	0
111.22	792.30	5	5	17	0
114.33	806.52	5	4	12	0
115.32	824.45	5	4	13	0
117.38	433.76	4	6	12	0
120.26	1040.55	5	5	17	0
120.75	439.83	5	7	23	0
121.77	817.01	5	5	21	0
122.79	315.76	4	6	11	0
123.87	723.92	4	5	12	0
126.48	438.71	4	4	8	0
130.68	1040.22	7	7	26	0
132.83	715.13	4	5	16	0
134.17	581.99	5	4	12	0
136.26	1025.26	4	4	12	0
139.37	706.98	4	5	13	0
139.74	1041.66	5	4	11	0
142.63	463.77	4	5	13	0
147.02	1026.01	11	8	43	0
145.72	768.64	4	6	18	0
147.90	970.67	10	4	28	0
146.37	835.20	4	7	17	0
153.27	832.95	5	5	17	0
154.08	356.52	4	4	7	0
154.54	1019.73	6	4	13	0
154.68	404.20	4	5	12	0
154.83	872.47	5	4	13	0
161.41	952.04	13	11	42	0
160.12	496.38	7	8	34	0
165.33	968.14	12	5	34	0
163.20	283.12	6	5	18	0
162.84	575.88	4	6	9	0
163.06	404.44	4	6	15	0
171.43	1052.16	17	4	44	0
166.51	691.60	4	4	12	0
167.35	826.59	6	4	13	0
168.20	759.06	5	5	13	0
174.54	313.35	6	10	44	0
175.34	784.03	5	8	31	0
175.78	834.77	4	5	14	0
179.40	720.45	8	9	36	0
179.31	885.60	8	6	17	0
180.23	1011.54	7	5	18	0
180.71	433.91	5	6	18	0
180.55	993.31	4	4	9	0
183.36	902.53	5	4	12	0
190.17	968.58	15	5	33	0
186.57	1038.44	6	4	10	0
186.30	608.56	4	5	10	0
189.09	250.45	7	4	17	0
186.96	956.91	4	7	16	0
191.82	593.57	4	6	11	0
194.24	885.01	6	4	10	0
196.30	994.65	5	6	22	0
199.87	1001.89	5	4	12	0
202.92	601.77	10	5	13	0
201.55	642.81	6	4	7	0
208.90	971.85	19	7	62	0
204.45	384.29	7	4	20	0
208.15	799.46	8	9	41	0
208.91	701.69	7	5	15	0
209.01	670.21	5	4	14	0
208.65	1007.34	4	4	9	0
210.63	755.12	5	5	14	0
209.43	827.65	4	5	14	0
212.67	228.48	4	4	11	0
215.04	999.00	8	6	21	0
216.32	480.79	5	5	12	0
218.91	251.12	7	4	17	0
218.65	289.61	6	5	10	0
219.29	1015.14	9	6	20	0
218.76	259.70	5	4	14	0
222.27	229.84	5	4	16	0
223.37	780.88	8	11	51	0
223.90	499.90	6	7	13	0
226.96	971.27	10	5	27	0
226.63	872.10	5	7	18	0
228.43	957.29	5	6	18	0
232.58	291.60	10	5	29	0
231.89	591.49	6	4	14	0
239.24	611.75	14	8	51	0
236.51	327.24	4	4	8	0
237.27	971.67	6	6	14	0
238.30	519.85	6	9	17	0
242.26	874.87	6	7	29	0
243.38	637.17	5	4	13	0
246.99	430.62	5	4	5	0
248.32	1013.11	4	4	12	0
255.59	316.26	5	4	7	0
257.26	547.90	4	5	13	0
259.57	202.03	4	6	14	0
262.72	643.48	4	4	12	0
264.33	768.33	7	9	20	0
266.49	855.93	8	14	43	0
267.69	792.99	4	6	16	0
268.67	934.91	6	4	10	0
268.88	1028.16	6	11	36	0
268.31	1097.97	7	7	29	0
270.01	699.65	5	4	16	0
271.75	239.17	7	5	20	0
270.49	519.80	4	6	12	0
271.67	632.53	7	5	18	0
272.24	778.64	7	9	29	0
271.40	379.88	4	8	14	0
272.74	348.72	4	4	11	0
276.47	409.70	6	4	12	0
276.58	1030.89	9	11	51	0
277.42	828.13	6	7	22	0
275.93	937.97	5	5	21	0
278.36	974.11	8	5	19	0
280.87	349.96	4	5	14	0
280.92	603.33	5	4	10	0
285.06	314.14	10	7	39	0
284.04	929.93	7	10	38	0
284.71	655.41	5	4	8	0
284.34	737.82	4	12	22	0
291.49	366.74	4	4	9	0
294.03	442.21	5	5	14	0
298.86	456.71	5	4	15	0
298.98	461.30	6	4	16	0
299.38	626.84	6	4	13	0
299.94	877.30	6	5	21	0
302.06	948.57	5	6	15	0
302.09	503.09	4	4	9	0
306.55	427.76	5	7	20	0
311.88	630.76	9	5	21	0
310.76	307.25	5	4	13	0
311.02	654.41	5	6	19	0
311.42	734.95	4	9	24	0
313.01	1045.65	4	6	14	0
316.39	530.30	4	4	11	0
321.67	401.35	4	4	9	0
322.39	721.97	8	11	38	0
322.72	511.53	4	4	9	0
326.07	307.26	5	4	15	0
327.33	700.03	4	6	17	0
329.28	442.65	5	5	16	0
330.84	383.38	7	9	48	0
329.72	676.26	4	4	10	0
339.70	1035.02	10	10	53	0
337.44	643.72	4	4	7	0
341.15	571.39	5	4	16	0
340.50	600.90	5	6	15	0
340.88	808.42	4	4	13	0
346.47	870.13	10	13	73	0
344.02	975.51	5	6	18	0
347.98	309.84	7	5	10	0
350.58	759.57	6	7	22	0
354.90	742.55	4	6	15	0
360.90	1040.51	15	9	85	0
357.76	446.29	4	5	14	0
360.36	830.69	4	10	28	0
362.38	787.80	5	6	21	0
361.65	796.48	4	4	14	0
362.62	591.62	5	4	14	0
363.25	918.42	5	6	19	0
364.51	300.15	5	4	12	0
366.16	601.05	7	6	28	0
366.92	541.38	5	4	14	0
366.82	813.03	5	5	14	0
368.50	889.14	5	5	10	0
373.42	475.90	7	6	22	0
373.82	450.50	4	4	13	0
378.66	556.18	4	4	12	0
379.45	718.66	7	4	20	0
379.92	768.98	7	5	18	0
379.40	458.44	4	4	12	0
381.01	322.24	5	4	8	0
381.10	524.43	4	4	10	0
391.61	1027.66	19	13	59	0
387.17	305.42	7	4	11	0
386.85	791.32	4	6	14	0
388.24	682.99	6	4	17	0
387.98	813.42	5	14	26	0
390.05	455.84	6	8	29	0
394.22	275.21	10	5	27	0
392.97	889.35	6	8	30	0
393.57	434.13	6	4	19	0
399.58	681.41	6	4	17	0
399.21	686.51	5	4	14	0
400.87	733.62	6	6	22	0
407.98	1028.30	11	10	43	0
406.02	613.12	5	5	16	0
409.04	245.80	7	4	10	0
407.62	828.33	4	6	16	0
408.60	850.12	6	6	19	0
407.86	1002.72	4	5	14	0
411.19	297.57	8	4	15	0
409.04	801.98	4	12	34	0
413.46	408.45	4	4	10	0
413.27	829.50	4	8	12	0
417.73	844.66	5	7	18	0
417.55	793.75	4	6	15	0
417.26	1010.87	5	10	29	0
421.14	272.76	9	4	17	0
424.08	1066.33	16	5	56	0
419.86	615.76	4	4	8	0
419.41	837.71	4	4	9	0
421.75	1026.18	9	11	53	0
424.41	718.83	10	4	26	0
422.83	898.48	7	4	14	0
421.28	1009.40	4	4	10	0
424.07	563.08	5	5	20	0
423.42	822.42	4	7	20	0
429.46	398.42	4	4	11	0
440.76	1025.45	16	15	152	0
437.21	1036.49	4	4	8	0
438.68	852.19	5	11	37	0
439.57	592.64	4	4	10	0
440.34	651.05	4	8	21	0
449.15	1049.37	19	7	88	0
442.72	412.29	5	4	18	0
442.19	616.58	4	4	9	0
443.48	880.29	7	6	25	0
446.62	368.99	4	5	12	0
446.77	977.09	5	5	18	0
452.40	1030.79	5	6	11	0
453.87	339.57	4	6	12	0
461.22	724.74	7	6	24	0
459.94	762.99	5	4	14	0
461.76	978.13	9	5	24	0
460.75	835.89	6	6	16	0
464.39	772.36	5	4	10	0
467.98	444.87	7	15	57	0
466.48	804.32	4	4	9	0
468.67	756.61	7	4	13	0
469.91	482.38	6	12	42	0
470.03	690.34	7	5	21	0
468.56	862.67	4	4	11	0
470.11	977.79	7	5	16	0
470.07	1032.65	8	5	20	0
476.04	622.51	5	4	13	0
476.59	823.29	6	5	13	0
478.45	413.46	4	4	10	0
483.69	687.37	13	10	51	0
481.80	790.93	4	5	14	0
481.79	802.46	5	5	19	0
482.51	811.60	5	4	11	0
484.19	968.75	8	4	23	0
486.25	1053.10	10	5	32	0
487.44	695.37	9	8	57	0
486.16	417.28	5	4	7	0
486.42	390.70	4	5	10	0
487.16	755.24	5	6	13	0
491.09	310.75	7	5	17	0
489.94	539.80	4	5	8	0
492.26	482.63	5	4	16	0
493.75	802.13	5	6	15	0
498.32	1059.81	9	14	52	0
496.16	769.56	4	4	5	0
500.80	1001.78	7	6	24	0
500.76	916.21	5	5	14	0
501.59	1092.98	7	5	20	0
502.76	813.06	5	5	16	0
503.83	488.54	5	10	30	0
504.57	745.18	6	7	15	0
508.86	254.12	7	4	14	0
508.57	650.50	5	4	15	0
511.90	1033.64	10	4	24	0
517.02	1060.58	16	10	83	0
512.95	930.39	4	4	10	0
518.55	1082.74	8	11	45	0
517.91	1094.31	6	11	29	0
517.71	427.65	4	5	16	0
517.98	732.41	4	4	11	0
517.35	930.70	4	6	15	0
520.18	748.26	4	6	16	0
525.51	451.20	4	5	10	0
527.67	275.00	7	5	10	0
531.87	647.50	5	4	16	0
531.99	1058.49	5	6	22	0
532.80	861.19	4	4	12	0
534.25	289.13	5	4	8	0
534.31	953.80	6	5	9	0
535.80	343.14	4	5	8	0
538.86	791.01	5	7	19	0
539.38	764.46	4	4	11	0
541.17	1065.21	5	8	31	0
543.28	284.61	5	5	8	0
544.90	970.06	9	4	24	0
546.33	706.84	4	4	9	0
547.00	856.08	5	6	23	0
547.81	790.59	5	6	18	0
550.14	304.80	8	7	24	0
551.34	737.03	5	6	17	0
550.33	754.76	4	6	16	0
551.52	770.33	4	4	9	0
554.20	950.08	5	4	8	0
554.35	638.72	5	4	11	0
554.66	805.29	5	7	12	0
556.29	818.47	4	4	13	0
557.88	294.27	5	8	15	0
564.21	1036.76	17	9	89	0
559.19	412.28	4	4	12	0
564.50	685.37	4	4	9	0
567.60	530.42	4	6	11	0
568.30	544.36	4	4	10	0
570.32	731.58	5	4	14	0
570.98	600.79	6	7	27	0
571.23	408.51	4	6	18	0
573.90	972.73	9	4	14	0
573.23	643.00	4	7	17	0
576.61	324.00	4	5	5	0
577.19	414.87	5	5	10	0
577.52	528.25	4	7	18	0
578.29	642.90	5	5	13	0
578.83	1018.32	4	4	9	0
581.14	615.69	5	13	32	0
581.45	694.80	4	5	7	0
585.72	807.09	7	10	39	0
587.26	1016.51	10	10	41	0
585.64	406.83	5	6	15	0
585.86	795.36	5	4	11	0
586.43	425.40	5	5	11	0
589.28	1063.91	7	5	24	0
590.93	829.53	8	6	24	0
588.71	901.88	4	5	14	0
588.60	966.73	4	4	10	0
591.08	823.85	7	4	22	0
591.01	681.45	5	6	19	0
595.47	718.48	8	4	9	0
594.60	897.91	6	5	18	0
594.59	388.41	4	6	12	0
596.60	1000.56	7	5	18	0
596.25	770.73	6	4	14	0
596.73	886.73	4	5	13	0
601.36	965.21	7	4	10	0
603.62	255.89	9	5	19	0
600.97	980.57	5	4	12	0
602.97	416.22	4	5	16	0
602.48	425.41	4	4	12	0
603.30	867.92	6	5	15	0
603.71	268.19	5	5	15	0
606.85	1034.69	6	6	22	0
605.60	1096.82	5	8	26	0
609.34	286.05	4	5	10	0
610.18	652.48	4	4	8	0
611.71	723.74	7	5	19	0
610.50	1008.27	4	4	14	0
613.26	452.36	5	7	21	0
613.00	1039.43	5	8	26	0
613.32	858.70	4	4	9	0
616.83	849.54	4	4	14	0
618.95	765.13	5	5	12	0
620.65	945.31	11	6	27	0
619.09	1031.05	6	5	20	0
619.96	481.87	6	6	21	0
620.73	442.60	4	5	13	0
623.17	501.13	5	5	19	0
623.29	916.73	7	4	18	0
626.25	298.68	7	5	17	0
624.86	358.17	4	4	9	0
635.91	744.17	8	7	25	0
634.55	846.11	4	4	9	0
640.45	283.85	7	6	10	0
642.31	872.36	7	4	23	0
642.76	746.58	4	4	5	0
645.69	790.69	8	5	21	0
644.20	555.67	4	4	8	0
647.00	621.52	7	8	46	0
645.23	741.13	4	4	7	0
646.65	854.52	4	4	8	0
647.61	960.48	6	4	17	0
650.76	1049.44	13	4	28	0
649.34	720.21	4	4	9	0
652.57	845.16	6	5	24	0
652.52	506.34	4	4	9	0
653.46	957.28	6	4	13	0
653.26	443.92	4	4	12	0
656.82	279.56	7	6	17	0
656.26	876.21	6	4	18	0
658.85	883.69	5	6	19	0
659.27	977.18	6	4	11	0
660.43	312.62	4	4	10	0
662.72	710.80	9	6	16	0
660.52	752.49	4	4	12	0
661.00	449.62	4	4	12	0
661.54	954.18	5	5	10	0
663.93	912.47	5	4	11	0
665.13	977.70	6	4	13	0
666.99	833.19	5	4	15	0
666.56	897.51	4	4	8	0
669.27	569.82	7	5	17	0
672.32	841.44	4	4	9	0
675.39	1093.70	8	4	23	0
679.00	618.41	8	5	18	0
679.68	1051.78	10	4	26	0
680.06	913.50	6	5	16	0
680.98	721.38	7	5	25	0
679.86	743.69	4	5	13	0
684.58	545.79	7	11	41	0
691.29	1051.86	12	4	24	0
691.67	378.88	8	4	14	0
692.07	813.33	6	4	10	0
694.36	1097.98	5	4	12	0
695.46	544.50	4	4	14	0
696.65	650.51	6	5	17	0
698.36	286.52	4	4	11	0
698.86	461.48	5	4	12	0
699.73	854.55	6	4	18	0
701.55	908.30	10	6	35	0
702.30	875.37	7	8	40	0
703.40	963.90	9	4	18	0
705.34	264.55	6	4	10	0
704.58	403.77	4	4	5	0
705.23	775.91	4	4	10	0
706.33	983.76	6	7	24	0
713.00	1051.81	19	6	62	0
706.35	353.42	4	4	11	0
706.33	711.42	4	4	10	0
710.89	447.77	6	6	13	0
715.23	1038.27	14	10	92	0
714.50	288.12	4	4	10	0
715.16	885.65	5	4	11	0
715.68	280.18	4	4	11	0
717.43	636.44	5	4	11	0
718.52	291.83	4	5	17	0
718.41	1019.50	4	4	12	0
721.21	280.18	7	6	14	0
720.97	764.62	6	4	12	0
722.57	978.89	9	8	41	0
722.28	668.28	4	4	12	0
723.74	1000.69	7	6	31	0
724.33	264.79	5	5	12	0
724.23	826.78	4	4	8	0
725.30	327.43	4	4	9	0
726.76	335.76	4	6	10	0
728.16	897.29	7	4	19	0
727.65	420.04	4	5	14	0
728.41	862.34	4	4	13	0
729.99	251.58	5	4	5	0
729.73	341.46	5	4	10	0
730.79	685.08	4	6	14	0
732.79	905.05	8	4	13	0
733.47	876.65	5	5	11	0
734.03	793.30	4	4	10	0
741.07	301.88	6	5	21	0
743.72	818.01	6	4	16	0
744.13	332.69	5	8	16	0
745.65	573.32	5	4	6	0
746.42	1019.22	6	4	11	0
747.54	1025.72	4	4	11	0
749.62	901.33	6	4	14	0
750.16	202.34	5	5	14	0
750.20	763.58	5	4	9	0
752.79	498.27	8	7	29	0
750.88	598.95	4	7	16	0
754.39	744.19	11	4	22	0
753.32	431.91	4	15	32	0
755.70	871.49	8	6	20	0
754.52	368.92	5	7	16	0
760.49	201.39	13	4	40	0
756.53	333.37	4	4	10	0
758.32	395.02	6	17	52	0
758.52	700.81	5	5	11	0
759.05	863.22	5	4	13	0
762.16	283.24	8	4	20	0
760.63	455.62	4	7	15	0
761.34	324.55	4	6	13	0
764.71	309.34	4	4	12	0
764.59	710.29	4	4	10	0
767.13	474.79	5	9	11	0
766.78	807.77	4	4	9	0
772.19	251.52	12	4	21	0
767.06	372.21	4	5	11	0
770.06	983.71	11	5	28	0
769.69	402.12	4	5	11	0
769.52	461.68	4	9	25	0
771.92	296.06	6	4	12	0
771.35	927.58	6	4	13	0
774.42	202.86	7	5	13	0
773.98	247.19	5	4	5	0
773.79	808.69	5	4	16	0
775.21	880.25	9	10	20	0
777.96	921.13	10	8	28	0
776.34	873.52	6	4	11	0
776.74	1020.16	6	7	33	0
777.89	457.90	5	7	18	0
780.41	416.30	4	7	18	0
783.59	867.80	10	5	23	0
783.89	262.75	9	14	58	0
783.19	988.25	6	4	14	0
787.16	935.45	8	4	15	0
790.91	767.59	5	4	10	0
792.11	619.15	5	10	30	0
792.67	518.17	4	6	16	0
792.74	717.13	4	6	14	0
802.11	313.94	4	7	11	0
804.48	271.44	5	5	11	0
804.06	371.90	4	7	17	0
805.54	264.75	4	5	10	0
808.95	899.39	7	4	11	0
808.65	314.72	4	9	16	0
811.19	983.28	4	6	16	0
815.24	977.62	8	4	18	0
816.47	693.62	4	8	15	0
821.40	490.49	5	10	32	0
821.49	903.10	5	4	7	0
822.43	1064.85	7	5	18	0
822.01	319.79	4	4	9	0
822.68	748.45	6	13	47	0
826.98	1022.88	8	5	21	0
826.38	650.07	4	11	22	0
827.85	931.18	6	4	12	0
827.23	299.24	4	5	8	0
828.24	361.87	4	11	17	0
828.29	540.25	4	10	19	0
828.46	588.09	4	9	17	0
828.21	689.01	4	11	23	0
829.12	856.29	5	4	10	0
831.44	348.60	4	12	22	0
831.97	623.78	4	9	21	0
833.17	1064.66	5	4	12	0
833.40	254.00	4	5	5	0
834.47	669.98	5	13	36	0
836.23	830.34	5	9	15	0
837.19	874.33	5	7	26	0
839.20	980.89	10	7	28	0
838.33	379.59	5	16	38	0
837.65	814.34	4	7	14	0
837.71	885.73	4	7	16	0
838.73	657.52	5	15	26	0
839.29	561.45	4	10	16	0
841.75	1095.30	4	6	19	0
844.52	649.71	4	10	19	0
846.17	905.41	8	4	10	0
846.77	959.64	6	6	23	0
852.75	914.78	9	5	23	0
854.18	571.72	5	8	17	0
858.37	207.12	11	4	26	0
856.01	980.65	5	4	14	0
857.52	380.32	4	11	21	0
857.78	847.92	5	5	10	0
861.38	339.44	5	14	25	0
863.50	1001.41	6	4	19	0
863.81	1039.31	5	6	22	0
864.18	783.70	4	10	16	0
865.01	237.31	4	7	14	0
870.62	567.63	6	13	44	0
871.93	968.96	5	5	16	0
872.99	980.47	6	4	17	0
874.43	399.09	4	12	24	0
877.79	1065.60	7	5	20	0
881.31	976.01	6	7	21	0
882.76	448.31	4	16	38	0
882.45	1080.72	4	6	12	0
885.35	954.77	5	4	13	0
889.75	1048.19	8	7	33	0
887.57	843.38	6	8	18	0
892.79	952.69	8	6	17	0
896.86	626.93	9	8	36	0
894.88	869.31	5	8	17	0
896.65	288.39	4	7	11	0
896.34	981.76	4	5	12	0
898.66	519.30	6	9	23	0
903.84	989.33	12	6	36	0
900.51	297.21	6	8	18	0
900.48	971.02	6	5	18	0
904.38	208.56	11	4	18	0
901.83	612.99	4	7	16	0
903.07	375.66	5	4	6	0
903.93	547.43	4	7	14	0
904.13	352.33	4	8	19	0
905.59	537.29	4	8	24	0
906.48	439.54	4	8	13	0
908.73	427.61	4	6	15	0
912.36	201.16	8	4	18	0
910.39	449.16	4	9	13	0
917.22	206.95	11	11	44	0
914.75	710.90	5	14	46	0
916.50	351.01	4	4	8	0
917.73	358.70	4	4	10	0
922.55	1082.99	8	14	34	0
922.40	367.65	4	4	11	0
924.56	738.22	6	19	64	0
924.32	460.26	4	10	21	0
925.46	270.55	4	13	36	0
927.91	699.23	9	16	68	0
927.46	713.65	7	11	54	0
927.77	371.46	4	4	9	0
927.33	433.68	4	6	12	0
927.50	445.27	4	4	12	0
929.35	415.68	5	17	38	0
931.88	322.70	6	5	21	0
930.00	1098.53	4	5	13	0
931.83	350.84	4	6	12	0
934.29	208.55	6	4	18	0
935.64	502.65	4	8	18	0
939.38	989.74	10	5	28	0
937.58	1067.92	7	12	33	0
941.02	483.20	6	16	55	0
941.43	709.82	7	16	54	0
943.06	499.94	9	12	93	0
940.73	650.26	4	4	6	0
943.26	459.17	8	8	32	0
944.16	470.11	9	8	40	0
942.03	641.55	5	9	16	0
944.74	212.73	10	10	40	0
943.32	448.90	6	7	27	0
944.39	413.53	5	10	18	0
946.50	721.41	4	4	9	0
948.77	991.10	6	4	19	0
949.69	485.77	4	10	32	0
949.75	634.96	4	7	18	0
950.95	298.43	6	7	20	0
957.15	506.37	17	15	85	0
952.76	290.80	4	8	17	0
952.77	307.21	5	4	10	0
952.07	316.03	4	6	14	0
953.72	330.93	6	11	38	0
957.43	474.80	11	13	64	0
953.26	975.75	6	4	11	0
954.53	244.92	6	5	23	0
958.71	459.80	9	16	69	0
956.36	521.62	6	10	31	0
959.42	493.47	12	7	49	0
955.78	631.51	5	4	16	0
956.40	673.01	5	5	19	0
956.62	533.03	4	9	26	0
956.43	680.11	4	5	17	0
957.92	212.54	4	4	9	0
959.06	1039.11	6	8	31	0
958.38	1051.65	6	5	24	0
960.51	404.83	7	9	40	0
960.22	446.00	7	8	30	0
959.87	367.52	5	4	14	0
961.10	436.51	7	8	35	0
961.47	630.50	4	4	14	0
963.59	327.75	5	6	16	0
966.50	548.06	7	16	75	0
964.76	910.69	4	6	9	0
965.23	920.93	5	9	32	0
967.74	811.08	5	10	31	0
968.50	263.62	4	4	8	0
970.65	477.47	4	4	11	0
971.99	660.91	4	5	10	0
976.64	553.63	6	8	35	0
979.54	395.17	4	8	18	0
987.50	201.40	7	4	24	0
986.50	213.90	4	7	20	0
53.59	983.99	9	7	51	1
53.28	1018.30	8	8	48	1
53.70	457.81	5	5	16	1
54.02	602.18	6	7	33	1
57.40	405.64	4	5	12	1
58.93	565.27	4	7	21	1
60.71	360.46	7	4	19	1
62.50	323.14	4	4	11	1
64.87	702.01	6	10	41	1
64.94	423.95	4	7	15	1
67.46	333.25	4	4	12	1
67.52	350.00	4	4	9	1
67.49	440.33	5	9	34	1
71.10	942.46	5	4	15	1
72.43	1025.70	8	4	16	1
77.29	808.05	6	9	38	1
78.92	1013.41	5	6	21	1
82.39	684.56	4	6	18	1
82.90	848.39	4	4	10	1
85.86	211.55	11	13	92	1
88.80	261.48	5	8	34	1
88.10	600.83	4	4	9	1
90.42	701.76	4	4	9	1
91.68	652.85	4	7	19	1
92.41	562.49	4	4	10	1
95.20	728.19	8	5	28	1
99.27	425.49	5	5	12	1
98.37	689.88	4	7	23	1
103.27	597.49	4	4	12	1
103.92	767.67	6	5	15	1
105.76	469.72	4	4	7	1
105.49	815.49	4	4	4	1
107.80	778.95	6	5	14	1
111.09	967.28	10	5	22	1
108.89	272.24	6	6	21	1
113.17	469.32	5	5	8	1
113.34	795.34	4	4	11	1
115.87	439.86	7	13	38	1
124.29	821.23	11	5	28	1
123.33	412.43	4	7	11	1
123.80	442.55	5	4	10	1
124.23	961.02	4	5	12	1
126.38	915.45	4	4	11	1
132.46	736.99	8	4	16	1
131.67	751.69	4	6	10	1
134.75	1025.07	9	7	31	1
137.30	807.59	4	4	7	1
140.79	466.51	4	4	12	1
148.65	970.52	14	5	39	1
147.01	837.22	5	5	12	1
147.82	526.95	5	5	12	1
148.87	746.60	6	4	11	1
148.53	771.15	5	5	15	1
152.53	873.67	5	5	16	1
160.18	1039.93	18	6	37	1
157.62	499.24	10	6	33	1
160.27	951.91	4	4	11	1
165.36	968.30	8	5	19	1
163.63	995.54	4	4	9	1
164.65	801.96	4	9	18	1
167.40	949.78	8	8	27	1
166.68	692.36	4	4	11	1
167.93	1050.62	7	4	18	1
169.62	316.93	7	10	45	1
172.06	760.47	7	6	16	1
174.34	887.28	8	5	17	1
172.65	334.34	4	7	18	1
174.50	403.31	5	6	13	1
175.80	789.78	6	9	32	1
177.21	960.90	6	5	13	1
177.85	624.44	5	5	11	1
177.78	657.36	5	4	11	1
180.66	722.16	9	11	44	1
183.43	969.78	9	4	17	1
185.11	434.84	4	4	8	1
188.36	953.28	6	7	27	1
191.89	593.76	4	5	10	1
199.54	1001.36	17	10	45	1
198.76	386.62	6	7	26	1
198.64	991.45	7	6	21	1
198.55	968.17	4	5	13	1
202.63	802.44	9	9	49	1
204.62	972.84	13	5	33	1
203.29	601.89	5	4	9	1
203.94	884.29	5	5	14	1
209.26	702.77	7	5	14	1
208.59	610.56	5	4	11	1
209.32	229.89	4	4	7	1
210.30	670.10	5	5	18	1
212.19	830.79	5	8	12	1
213.24	252.59	5	4	12	1
213.37	279.55	5	4	12	1
212.61	485.48	4	5	11	1
217.09	970.14	10	4	23	1
216.23	230.22	5	4	14	1
219.53	1006.85	6	5	13	1
221.31	1016.93	9	7	34	1
220.17	504.11	5	6	14	1
220.64	630.04	6	4	16	1
219.34	762.18	4	8	11	1
222.77	994.72	6	5	15	1
224.77	294.97	9	5	26	1
226.23	1045.91	8	5	21	1
227.06	780.65	7	11	47	1
233.53	394.56	4	4	11	1
234.55	976.31	7	4	12	1
234.36	466.66	4	4	11	1
234.85	524.68	5	8	13	1
242.04	612.64	14	6	46	1
235.94	921.20	4	4	9	1
239.19	802.01	4	6	15	1
242.67	874.83	4	6	18	1
243.29	503.68	4	6	15	1
255.00	550.25	6	6	17	1
256.46	973.67	9	6	16	1
259.24	201.86	4	5	15	1
266.21	856.30	10	14	47	1
264.10	701.44	5	6	21	1
267.41	637.30	6	6	19	1
265.65	908.19	4	4	7	1
265.56	927.56	4	6	9	1
271.76	1030.27	18	11	97	1
267.24	678.38	4	4	9	1
268.87	1098.06	8	7	27	1
270.80	779.77	8	5	23	1
270.56	380.86	4	5	11	1
271.24	786.32	4	4	11	1
276.27	318.77	9	5	29	1
273.83	402.30	4	5	10	1
278.64	354.09	6	5	15	1
281.76	611.36	12	6	30	1
278.41	829.25	4	7	22	1
279.77	936.67	4	5	10	1
285.60	428.18	5	4	13	1
284.89	773.56	4	4	8	1
286.62	932.45	7	8	27	1
287.89	226.55	5	4	9	1
290.69	445.37	6	4	12	1
296.53	233.26	10	4	26	1
293.71	768.31	4	6	11	1
297.39	880.30	6	7	21	1
297.49	867.57	4	8	25	1
300.14	458.18	6	10	42	1
303.85	971.55	5	4	13	1
304.55	428.46	4	6	16	1
305.43	500.79	4	4	10	1
309.40	1034.70	11	6	36	1
314.51	1045.40	16	8	60	1
310.79	474.12	4	5	10	1
314.63	656.33	7	7	26	1
317.42	632.78	9	4	23	1
315.38	355.47	4	4	9	1
322.56	727.41	6	11	39	1
325.39	508.87	4	4	10	1
325.77	703.21	5	4	14	1
328.08	443.10	5	5	14	1
330.39	383.16	8	9	42	1
328.37	635.51	4	4	8	1
330.28	651.90	5	6	19	1
333.45	796.41	4	6	17	1
341.25	809.40	4	6	14	1
342.01	975.88	5	4	14	1
346.22	870.12	10	13	69	1
344.63	573.20	6	5	18	1
347.51	533.43	7	4	11	1
348.13	760.98	7	5	23	1
350.93	565.29	5	4	8	1
358.23	302.83	11	5	20	1
356.95	498.89	5	5	14	1
358.60	446.89	4	5	13	1
359.15	521.25	5	4	11	1
358.33	814.99	4	9	19	1
359.01	934.95	6	6	26	1
359.34	834.20	4	5	16	1
363.48	920.63	10	7	40	1
364.28	721.52	4	4	10	1
367.88	603.96	7	5	22	1
368.45	815.88	9	8	34	1
367.97	802.03	4	4	7	1
369.73	540.15	5	5	16	1
370.28	834.55	5	4	13	1
371.60	317.55	6	4	7	1
371.60	531.31	4	4	9	1
373.81	915.27	7	10	30	1
376.60	349.52	4	4	15	1
380.46	566.94	4	5	12	1
383.54	253.63	8	4	14	1
387.01	278.44	8	5	20	1
386.32	820.36	4	6	14	1
389.33	232.68	7	4	20	1
389.73	684.35	4	4	12	1
389.69	774.82	4	5	16	1
392.03	433.45	7	4	16	1
391.71	456.32	5	7	25	1
392.29	882.42	5	8	26	1
395.35	579.44	4	4	11	1
395.59	1007.58	5	4	12	1
397.50	567.21	4	4	11	1
400.58	1051.65	6	4	13	1
407.04	831.53	5	9	20	1
408.09	929.57	5	4	17	1
416.82	1008.72	19	12	87	1
410.58	777.71	8	4	16	1
409.82	612.04	5	5	15	1
410.23	804.51	4	6	17	1
415.45	274.89	6	5	17	1
418.90	845.44	5	7	24	1
422.75	760.87	10	5	14	1
424.67	719.12	9	4	19	1
423.38	822.93	4	5	16	1
430.78	1053.78	15	6	38	1
427.97	563.11	5	4	15	1
430.10	645.56	4	5	10	1
432.65	823.74	4	6	13	1
439.11	1009.07	10	4	25	1
438.34	853.82	5	11	38	1
440.89	409.14	7	4	18	1
441.27	414.70	5	4	13	1
440.88	472.92	4	4	9	1
441.12	935.77	5	6	16	1
441.65	592.15	4	4	12	1
443.50	654.01	7	5	18	1
443.11	450.89	4	4	9	1
452.14	283.40	5	6	16	1
453.87	398.47	4	4	6	1
465.21	727.76	5	6	19	1
467.14	584.60	8	4	14	1
465.89	699.48	5	4	12	1
468.55	445.64	9	10	60	1
466.25	605.66	4	4	12	1
466.52	969.04	5	6	14	1
469.04	484.64	7	10	40	1
474.72	759.07	11	4	24	1
473.83	608.74	5	4	11	1
474.63	921.11	4	5	8	1
476.66	415.08	5	4	11	1
478.08	824.22	5	4	13	1
477.57	1064.65	5	5	18	1
485.56	1054.17	15	4	42	1
486.44	693.55	12	16	112	1
484.33	812.52	7	4	18	1
483.34	981.45	6	6	15	1
484.03	628.58	5	4	7	1
483.44	792.85	4	8	17	1
490.29	464.28	5	4	10	1
490.56	482.71	6	4	18	1
490.60	755.10	6	6	15	1
490.82	487.18	4	4	11	1
497.69	1033.74	16	10	100	1
493.23	858.07	5	5	13	1
494.66	890.16	7	4	17	1
495.12	1055.91	4	4	9	1
499.61	1060.68	10	11	51	1
501.04	1093.50	5	4	20	1
502.82	915.23	4	5	10	1
504.28	490.53	5	11	28	1
507.08	745.12	5	5	10	1
511.64	650.66	7	4	19	1
512.44	712.83	8	8	14	1
514.02	998.33	7	6	28	1
513.54	731.86	4	6	17	1
519.19	1032.98	15	10	64	1
515.62	922.94	4	5	12	1
517.94	1061.25	8	9	53	1
516.57	430.59	4	4	13	1
518.19	1083.00	8	11	48	1
518.54	1094.39	5	9	29	1
521.67	278.30	7	4	15	1
522.06	749.24	4	4	11	1
523.54	710.85	8	5	21	1
522.61	731.26	4	4	12	1
523.90	818.90	5	5	10	1
524.59	998.06	5	7	20	1
528.38	911.33	4	4	12	1
532.15	1058.50	8	4	14	1
531.79	862.04	5	5	15	1
531.10	991.38	4	4	8	1
534.28	649.44	5	4	16	1
535.91	719.16	4	4	6	1
540.95	1065.51	5	10	34	1
541.88	790.77	5	7	18	1
544.37	309.90	9	8	21	1
544.25	1094.39	4	4	8	1
549.88	966.83	8	5	20	1
552.11	738.02	10	6	26	1
549.62	858.97	4	7	19	1
549.96	923.34	5	4	7	1
552.83	754.63	8	8	19	1
550.80	790.31	5	7	22	1
552.51	300.29	4	5	14	1
554.66	770.85	5	5	11	1
557.46	414.63	4	4	12	1
558.15	660.85	4	4	7	1
563.60	645.11	4	5	10	1
563.69	659.51	4	4	10	1
569.70	411.22	6	5	19	1
569.70	532.15	4	4	12	1
571.39	602.15	6	7	34	1
573.66	418.97	5	4	12	1
578.12	530.47	4	5	14	1
579.76	601.14	4	5	13	1
580.36	646.60	5	6	17	1
582.12	615.61	5	5	14	1
582.63	620.42	4	4	9	1
592.66	973.37	17	11	42	1
586.87	894.23	7	5	24	1
588.71	1064.68	9	7	36	1
586.63	425.69	4	9	16	1
588.67	967.85	7	4	17	1
587.39	1015.75	6	5	22	1
589.11	810.94	7	12	35	1
589.05	795.92	4	4	9	1
589.75	684.56	5	6	20	1
592.61	828.68	9	10	47	1
590.76	902.99	5	6	21	1
592.36	857.14	4	4	8	1
593.70	392.51	4	5	13	1
594.89	1051.05	6	4	13	1
593.32	1058.77	5	4	12	1
595.15	259.64	5	4	10	1
597.66	604.63	4	5	12	1
599.12	772.18	7	4	20	1
599.65	439.33	4	4	8	1
600.27	743.33	4	4	11	1
601.92	270.56	5	4	16	1
602.45	264.84	4	4	11	1
603.89	865.89	7	5	23	1
606.79	966.87	13	6	25	1
603.84	1043.18	5	5	13	1
612.54	1009.50	11	5	28	1
609.59	634.30	4	4	8	1
610.99	449.50	5	6	20	1
611.14	1064.18	5	4	13	1
612.50	1039.84	6	7	31	1
615.31	724.22	7	4	19	1
614.58	479.73	4	7	21	1
616.89	963.04	5	4	10	1
618.70	849.75	5	4	15	1
619.60	318.11	4	7	14	1
619.70	444.30	4	5	14	1
620.24	741.94	5	4	14	1
625.46	611.53	4	4	8	1
627.19	920.53	8	6	26	1
631.23	752.25	7	4	15	1
631.53	623.48	4	4	8	1
641.53	848.17	12	5	34	1
637.95	935.26	6	6	21	1
636.32	1084.39	4	4	10	1
639.88	746.47	9	7	21	1
640.00	770.45	5	4	11	1
641.58	653.72	5	5	15	1
648.32	1035.39	16	10	91	1
644.56	555.91	4	4	12	1
646.89	621.57	7	8	48	1
645.74	870.37	5	5	16	1
646.60	791.62	4	4	13	1
649.41	407.94	7	5	17	1
650.44	1049.43	7	4	16	1
650.87	896.34	5	6	10	1
651.64	444.89	4	4	12	1
653.71	625.80	4	4	9	1
653.67	850.99	5	7	25	1
656.76	1049.49	4	4	8	1
662.92	951.62	11	12	33	1
659.36	450.15	4	4	11	1
661.80	318.44	4	5	12	1
663.63	883.13	8	5	20	1
663.47	430.11	4	4	8	1
663.57	681.57	4	4	7	1
664.31	912.72	4	4	10	1
667.24	711.04	7	5	18	1
666.51	571.82	4	4	13	1
666.06	653.46	4	4	11	1
668.78	832.68	4	4	11	1
669.09	978.17	5	4	14	1
670.13	603.13	5	6	13	1
670.75	491.23	4	4	8	1
673.63	796.47	4	4	8	1
674.89	1093.82	8	4	18	1
674.27	1010.99	4	4	8	1
677.19	842.19	5	4	15	1
679.48	722.22	6	5	23	1
681.28	358.48	5	4	8	1
681.59	524.62	5	4	12	1
680.34	627.86	4	4	13	1
681.95	619.57	5	4	14	1
683.42	299.05	4	5	9	1
683.96	544.93	5	10	39	1
686.72	411.29	4	4	7	1
690.71	627.10	8	4	15	1
693.61	813.86	6	5	14	1
699.71	1052.32	18	4	46	1
694.42	1098.44	5	4	10	1
694.79	284.47	4	4	6	1
699.08	380.89	6	4	11	1
699.82	262.69	5	4	9	1
702.19	875.41	7	8	41	1
703.83	353.39	4	4	11	1
708.07	909.17	11	6	36	1
708.90	973.24	14	4	22	1
706.26	983.80	6	6	25	1
706.72	775.41	4	4	9	1
708.80	444.29	6	7	14	1
709.71	625.49	4	4	14	1
711.93	690.08	6	5	16	1
711.24	286.31	4	4	12	1
716.56	254.89	6	5	14	1
715.75	276.33	4	4	7	1
719.20	262.65	6	7	18	1
721.52	328.91	5	6	14	1
723.89	998.61	8	6	33	1
724.03	1019.07	7	5	22	1
724.06	338.00	7	6	17	1
724.98	415.13	4	5	15	1
728.40	303.30	4	4	13	1
728.56	585.09	4	7	12	1
728.17	695.46	4	4	11	1
730.53	863.05	4	6	19	1
731.15	947.07	4	6	18	1
735.28	971.24	5	5	17	1
740.85	326.54	5	6	18	1
742.99	916.39	5	5	17	1
746.94	237.27	8	6	16	1
745.04	277.34	5	5	10	1
744.52	341.54	4	8	16	1
745.61	352.59	4	6	18	1
746.19	817.68	5	4	16	1
746.20	1029.95	6	4	12	1
748.95	252.22	8	4	13	1
747.31	920.66	4	5	13	1
748.54	840.39	4	4	11	1
750.02	202.34	5	5	15	1
751.41	497.64	7	4	25	1
749.09	856.52	4	7	17	1
750.52	594.98	4	6	13	1
752.59	361.48	6	10	21	1
753.80	330.36	4	4	10	1
753.94	420.74	5	19	43	1
753.22	762.67	4	4	9	1
755.70	386.59	6	17	52	1
757.54	743.37	9	5	22	1
756.45	281.08	6	5	19	1
760.37	201.40	13	5	40	1
758.92	320.40	8	8	15	1
758.38	604.64	4	10	16	1
761.24	869.28	10	7	30	1
759.28	449.07	5	9	19	1
760.84	698.00	5	5	20	1
762.58	881.19	8	6	23	1
760.65	894.35	4	4	9	1
762.98	861.05	5	5	17	1
764.66	365.49	4	7	11	1
764.29	486.83	5	13	26	1
764.90	846.63	4	7	9	1
766.52	429.25	4	8	14	1
766.71	706.03	4	7	13	1
768.30	682.21	5	7	15	1
769.12	886.55	5	4	11	1
772.72	847.69	5	5	7	1
777.20	256.53	9	12	55	1
776.06	308.21	8	9	16	1
775.71	808.41	4	7	17	1
778.81	821.32	5	4	12	1
783.71	913.40	15	12	34	1
780.53	972.37	5	7	18	1
780.45	408.23	4	8	16	1
783.24	1017.69	8	9	51	1
788.61	866.54	15	13	38	1
785.82	959.29	7	7	17	1
788.46	850.74	6	5	20	1
788.93	978.74	6	5	16	1
790.91	989.12	8	5	23	1
789.93	513.12	5	7	17	1
789.60	611.36	4	9	23	1
791.90	384.19	4	8	19	1
792.41	736.72	4	5	13	1
792.73	755.80	5	4	10	1
794.41	711.58	4	7	24	1
799.55	265.90	9	10	26	1
799.55	257.51	8	9	14	1
797.52	919.39	4	4	12	1
798.62	306.40	4	8	12	1
803.65	925.68	5	4	6	1
805.06	306.51	4	9	17	1
809.64	295.54	4	8	8	1
811.99	883.35	9	8	34	1
809.28	921.14	4	5	7	1
811.49	284.28	4	7	10	1
812.32	255.19	4	5	9	1
812.76	599.70	4	12	20	1
812.66	672.56	4	9	30	1
814.24	980.59	7	7	32	1
819.13	1082.54	5	4	17	1
820.70	476.55	6	5	17	1
820.84	482.50	5	4	15	1
822.39	864.73	5	4	7	1
822.72	1064.90	6	5	16	1
822.85	528.34	5	9	15	1
822.69	637.55	5	13	24	1
823.34	1023.47	5	4	15	1
824.58	774.33	5	8	11	1
825.51	349.92	4	11	26	1
826.60	740.82	7	15	51	1
825.58	784.44	4	7	21	1
828.53	337.05	4	12	20	1
831.05	247.99	6	11	15	1
830.19	613.82	4	16	33	1
832.57	659.55	4	11	28	1
832.86	679.39	4	11	15	1
833.46	266.70	4	9	13	1
835.01	866.47	4	6	13	1
837.14	243.55	4	6	8	1
836.47	369.09	4	16	38	1
836.08	645.75	4	11	17	1
839.35	839.43	4	5	8	1
843.08	890.20	10	7	24	1
840.62	980.50	4	4	8	1
843.07	879.78	7	11	26	1
841.65	1095.87	4	7	18	1
843.27	570.80	5	12	23	1
842.52	641.03	4	13	24	1
847.58	960.19	6	7	28	1
848.32	244.23	4	10	18	1
857.14	900.88	16	6	27	1
852.19	990.33	5	4	11	1
858.19	207.13	11	4	25	1
858.92	980.04	11	6	40	1
857.16	324.77	5	15	21	1
860.66	798.30	5	9	15	1
866.35	999.67	6	5	20	1
868.96	559.19	5	14	41	1
868.23	774.87	4	7	21	1
871.50	502.89	4	9	28	1
872.41	385.33	4	17	42	1
874.21	953.77	6	5	15	1
873.59	980.39	8	4	21	1
875.96	646.19	4	17	30	1
876.06	1024.64	5	4	5	1
878.02	1065.48	11	6	29	1
879.23	513.55	5	18	47	1
881.60	589.01	4	11	17	1
881.65	1077.64	5	4	12	1
884.59	976.41	8	4	23	1
890.47	1029.45	7	4	19	1
895.01	875.20	9	7	31	1
895.05	952.15	7	8	18	1
894.44	830.45	4	5	9	1
898.96	625.38	10	14	52	1
898.28	282.87	6	8	14	1
896.69	892.72	4	6	19	1
897.76	861.57	4	7	13	1
897.44	915.11	4	10	23	1
898.90	691.11	4	6	17	1
899.54	984.19	5	4	11	1
901.14	544.10	4	5	11	1
902.48	972.37	5	4	13	1
903.34	291.22	5	7	18	1
904.15	532.04	5	15	35	1
903.52	581.83	5	11	21	1
905.30	993.47	8	6	28	1
904.98	1023.08	6	5	21	1
904.20	353.17	4	8	17	1
908.11	465.79	4	9	11	1
910.40	1010.28	5	9	23	1
912.21	201.20	8	4	19	1
912.31	877.22	4	9	20	1
917.14	206.93	10	11	46	1
915.08	704.44	5	5	16	1
916.39	1058.54	4	7	16	1
916.59	1093.72	4	7	11	1
917.78	358.53	4	4	9	1
921.91	368.46	6	4	9	1
924.11	1084.84	12	15	51	1
923.33	419.90	4	7	17	1
924.53	740.54	6	15	48	1
924.16	255.71	4	5	8	1
924.62	461.11	4	13	28	1
928.00	699.73	8	14	66	1
927.39	713.63	7	10	44	1
927.14	443.74	5	5	15	1
928.62	368.28	4	8	17	1
929.13	416.96	4	18	33	1
932.02	323.06	6	6	21	1
931.69	380.35	6	10	33	1
930.08	1098.41	4	5	12	1
931.35	351.38	4	4	14	1
933.07	1023.26	9	5	20	1
932.32	277.83	4	9	24	1
934.31	208.67	6	5	19	1
936.07	993.87	10	5	33	1
937.64	1068.98	5	10	27	1
942.24	500.43	10	18	90	1
939.17	682.57	4	7	12	1
941.04	702.26	6	13	34	1
940.55	601.98	4	4	8	1
941.20	657.27	5	9	22	1
942.77	460.91	7	6	30	1
941.64	642.09	5	6	15	1
941.32	805.70	4	4	10	1
941.63	1062.04	4	6	14	1
944.69	212.77	10	10	39	1
943.72	448.68	6	9	31	1
943.92	612.48	4	13	30	1
944.62	549.70	4	5	12	1
945.50	712.93	5	8	20	1
946.28	721.61	4	4	9	1
949.18	485.18	5	10	34	1
949.70	635.43	4	7	18	1
951.24	298.59	6	4	12	1
952.00	344.02	7	7	20	1
952.69	290.10	5	9	20	1
953.19	307.50	5	4	12	1
952.14	316.18	4	6	13	1
953.40	333.97	5	6	20	1
954.74	245.41	7	6	21	1
954.31	327.73	5	5	17	1
957.00	605.07	10	16	74	1
953.44	624.78	4	4	9	1
959.69	493.50	10	7	46	1
957.86	506.45	10	16	69	1
955.47	522.04	4	9	29	1
956.01	532.49	5	10	28	1
955.72	615.64	5	4	14	1
955.22	634.06	4	10	29	1
956.53	673.30	4	4	14	1
956.58	680.58	4	6	19	1
958.41	484.36	6	4	12	1
958.99	1039.04	6	8	31	1
958.97	1051.76	6	5	18	1
960.34	404.47	9	8	40	1
959.81	446.68	6	8	24	1
961.02	436.98	7	9	40	1
959.92	621.17	4	5	15	1
963.97	393.30	12	10	58	1
963.77	355.49	10	18	79	1
961.43	629.68	4	5	15	1
963.37	328.07	4	5	15	1
964.81	897.81	5	12	32	1
967.00	547.94	8	18	88	1
965.19	920.98	5	9	32	1
967.41	811.28	5	10	32	1
976.57	552.79	5	16	43	1
979.48	395.44	4	8	20	1
987.50	201.40	7	4	24	1
986.83	213.79	6	7	26	1
53.63	984.06	9	7	52	2
53.34	1018.41	8	8	49	2
54.01	605.36	5	6	28	2
57.65	569.46	4	6	15	2
59.76	362.25	4	6	14	2
62.35	411.49	4	6	14	2
64.53	707.44	6	8	32	2
64.63	445.70	5	9	36	2
66.49	335.26	4	4	12	2
70.31	941.24	5	5	10	2
69.75	693.91	4	6	13	2
78.28	808.06	6	9	41	2
81.17	1014.87	5	7	23	2
89.45	260.75	5	8	30	2
89.63	565.64	4	4	12	2
95.00	731.81	9	6	34	2
94.40	660.54	5	7	24	2
95.91	427.97	4	10	14	2
97.94	693.12	5	7	23	2
101.01	416.88	5	7	14	2
102.52	342.24	4	4	10	2
105.02	771.28	5	6	16	2
110.06	273.42	9	7	42	2
111.02	442.39	5	6	22	2
114.46	307.01	4	5	10	2
114.69	448.61	4	5	8	2
114.27	807.67	4	5	10	2
116.16	856.39	7	5	16	2
115.35	798.67	4	4	12	2
120.20	446.84	4	5	8	2
123.38	417.46	4	6	13	2
124.44	917.30	5	4	14	2
124.90	731.88	5	9	18	2
127.09	824.42	8	5	27	2
127.66	439.75	4	5	11	2
129.75	957.32	6	5	21	2
128.20	974.65	4	4	6	2
130.23	467.29	4	4	7	2
130.64	738.69	4	4	13	2
138.70	1025.38	18	7	75	2
133.63	755.14	4	7	15	2
136.44	966.78	4	6	13	2
138.00	864.49	4	4	8	2
138.35	470.53	4	6	16	2
140.21	709.42	4	4	14	2
145.81	529.49	5	4	13	2
145.47	971.14	4	4	9	2
146.88	1044.15	4	4	8	2
151.44	841.35	9	4	19	2
150.16	874.41	5	5	16	2
154.13	503.58	8	10	31	2
156.35	1042.13	11	4	20	2
162.44	975.33	10	4	23	2
162.50	937.34	4	4	11	2
164.92	320.16	7	12	48	2
172.16	887.61	5	5	14	2
173.53	335.78	4	7	18	2
173.73	405.36	5	6	16	2
176.42	253.44	6	4	19	2
176.26	795.76	6	9	33	2
176.35	1047.64	5	4	11	2
178.61	656.68	8	4	15	2
176.59	761.60	4	4	12	2
176.47	959.94	5	4	10	2
177.69	815.31	4	4	10	2
181.79	723.95	9	10	45	2
180.02	968.27	4	5	9	2
189.45	1018.32	12	11	55	2
188.60	961.39	4	4	12	2
190.22	767.42	5	8	23	2
190.78	951.03	4	6	15	2
193.29	389.25	5	6	22	2
192.46	639.54	4	5	11	2
197.97	806.20	10	10	46	2
197.54	960.91	4	4	9	2
201.02	1016.14	8	7	20	2
199.31	970.29	6	11	27	2
200.11	491.46	5	4	12	2
203.53	1044.33	8	5	26	2
202.36	990.48	4	4	14	2
203.55	297.44	5	4	7	2
205.76	265.73	4	5	12	2
212.42	972.04	18	8	61	2
209.33	998.13	10	10	48	2
208.39	254.87	6	5	17	2
209.65	230.63	6	4	14	2
209.39	703.58	6	4	15	2
209.58	375.53	4	4	8	2
209.72	489.97	4	5	10	2
210.43	953.53	4	6	19	2
211.32	610.58	4	4	13	2
212.81	669.93	6	6	27	2
214.66	876.12	7	5	19	2
218.37	297.76	10	6	36	2
216.81	507.86	6	7	17	2
218.25	215.09	8	5	26	2
223.02	1018.93	9	6	31	2
229.91	383.81	5	4	13	2
229.31	679.99	4	5	9	2
230.58	781.79	6	9	38	2
232.31	528.22	5	8	18	2
232.38	971.96	7	4	19	2
233.00	999.20	6	5	17	2
237.61	1055.62	7	6	19	2
237.90	274.98	5	7	20	2
245.60	613.61	17	6	55	2
238.10	954.19	4	4	11	2
241.27	803.95	6	5	14	2
242.23	875.33	7	5	20	2
241.98	506.62	5	8	15	2
245.38	1060.64	8	4	15	2
244.97	323.62	5	4	7	2
247.52	637.20	6	4	12	2
252.36	953.49	4	4	11	2
253.51	469.60	4	5	15	2
254.35	551.62	4	4	13	2
258.14	703.19	6	5	24	2
260.49	671.16	7	4	12	2
265.25	859.95	10	11	47	2
264.50	650.57	4	4	8	2
268.56	322.25	10	6	30	2
266.16	425.60	5	4	9	2
265.49	519.15	4	7	11	2
265.27	723.35	4	4	11	2
271.47	1030.13	18	12	118	2
268.56	1097.67	7	7	30	2
268.73	383.62	4	7	16	2
269.05	782.02	7	15	56	2
270.37	638.72	6	6	13	2
269.52	644.70	4	4	7	2
271.72	441.45	4	4	5	2
275.29	358.37	4	6	17	2
281.66	937.49	4	4	8	2
283.01	613.66	5	4	14	2
285.78	708.55	4	4	8	2
290.11	935.40	11	11	50	2
287.55	448.69	6	5	13	2
288.34	898.87	8	6	18	2
291.48	407.81	4	4	6	2
301.15	404.76	5	4	11	2
301.12	456.67	5	9	31	2
302.72	551.27	6	4	12	2
302.78	1082.94	5	6	14	2
308.93	589.79	5	5	17	2
310.03	741.80	5	11	31	2
310.38	992.72	6	4	11	2
311.02	1034.57	7	6	25	2
314.85	1044.27	14	4	44	2
311.84	359.07	6	6	13	2
312.35	697.66	4	4	9	2
319.14	636.31	5	4	12	2
318.49	661.63	4	6	17	2
322.48	732.10	6	11	38	2
324.80	414.58	4	4	9	2
325.80	706.06	6	4	17	2
326.16	1036.39	6	10	38	2
326.64	443.35	4	4	9	2
330.25	383.31	8	9	43	2
330.28	799.57	4	7	17	2
333.49	319.31	6	5	16	2
335.06	304.71	5	4	8	2
340.03	1032.18	11	8	58	2
339.61	975.76	4	4	13	2
342.89	634.57	8	5	12	2
343.09	864.75	5	5	16	2
343.22	1048.18	5	5	15	2
346.69	870.96	8	7	50	2
346.39	763.23	5	5	19	2
347.78	574.84	5	5	16	2
350.23	307.64	7	6	16	2
356.58	1038.78	8	16	60	2
358.55	942.02	7	10	27	2
359.04	498.30	4	6	14	2
363.82	925.62	8	6	16	2
363.26	669.10	4	7	12	2
366.79	1040.81	10	14	48	2
365.25	321.26	6	5	11	2
364.54	790.02	4	7	20	2
365.90	816.44	6	7	25	2
369.22	724.87	7	5	23	2
369.55	606.83	6	7	24	2
369.75	836.91	6	8	26	2
373.72	538.76	6	4	17	2
374.42	350.71	5	4	12	2
377.27	256.76	7	5	12	2
379.38	281.63	8	5	19	2
377.68	474.67	5	4	13	2
381.32	234.15	9	6	23	2
382.51	723.69	6	5	21	2
386.03	856.59	4	7	17	2
388.69	793.15	7	14	33	2
389.49	263.64	4	4	6	2
391.04	875.22	6	8	31	2
393.34	1052.51	5	5	14	2
393.93	456.80	5	7	20	2
393.45	637.79	4	5	9	2
395.32	1021.56	5	7	20	2
398.57	257.62	6	4	12	2
398.92	303.46	6	4	12	2
403.12	686.95	7	5	32	2
402.29	692.51	4	4	14	2
404.31	1049.78	4	5	16	2
407.97	833.57	7	9	31	2
410.73	276.84	9	6	21	2
410.91	780.35	5	6	17	2
413.07	962.54	8	4	21	2
411.22	868.88	4	5	8	2
417.38	1006.81	14	10	65	2
416.89	1019.43	10	7	29	2
416.65	848.41	6	9	31	2
420.33	796.85	4	10	22	2
421.91	752.99	5	5	17	2
422.81	549.49	5	5	14	2
422.62	875.26	5	5	11	2
423.82	401.69	4	4	10	2
423.21	824.74	4	5	9	2
423.81	359.16	4	4	8	2
425.01	539.46	5	4	11	2
425.39	614.45	5	4	10	2
426.14	719.54	7	4	19	2
427.23	605.54	7	4	11	2
426.03	333.81	4	4	7	2
429.77	974.79	6	6	22	2
431.39	563.55	4	4	15	2
432.09	825.76	5	6	13	2
436.21	919.11	7	5	19	2
435.27	978.25	6	8	23	2
437.18	657.54	5	4	10	2
437.64	855.43	4	10	31	2
437.66	881.50	4	4	12	2
439.47	417.38	4	4	14	2
440.53	1042.34	7	6	23	2
446.01	1011.01	7	5	19	2
446.49	972.30	5	4	10	2
448.99	286.35	5	4	11	2
450.01	353.76	4	6	12	2
453.75	736.66	5	6	13	2
457.96	689.42	6	4	9	2
461.68	1030.80	8	4	13	2
462.12	633.44	5	4	13	2
462.34	651.71	5	4	14	2
464.82	744.86	4	5	15	2
466.63	1051.90	7	5	20	2
468.72	448.33	8	14	58	2
468.95	485.99	6	12	30	2
468.65	701.35	6	4	14	2
469.42	983.68	8	6	22	2
468.92	584.33	4	4	10	2
469.09	606.38	6	4	16	2
469.28	730.75	6	6	19	2
477.33	1040.63	18	8	48	2
473.70	929.78	6	5	16	2
480.38	1046.79	16	5	49	2
475.65	416.36	5	4	13	2
476.23	608.40	5	5	16	2
475.57	688.43	4	4	8	2
476.76	767.60	4	4	8	2
479.37	761.51	5	4	15	2
480.60	909.40	4	4	5	2
481.47	624.03	5	4	13	2
482.82	687.50	7	7	28	2
483.84	251.65	7	4	11	2
487.34	695.83	9	7	55	2
485.96	813.75	5	5	16	2
487.26	512.82	4	5	9	2
488.66	484.45	5	8	27	2
492.31	890.62	5	5	16	2
494.16	259.54	7	4	14	2
493.27	858.08	5	5	11	2
499.31	1034.99	14	10	94	2
497.66	804.66	4	4	13	2
500.68	1093.33	6	4	17	2
501.72	548.01	4	6	8	2
505.66	493.19	4	6	19	2
508.49	330.99	4	5	8	2
508.22	674.57	4	4	9	2
508.89	870.48	4	4	8	2
512.36	712.40	5	6	18	2
512.38	1029.90	6	8	14	2
513.83	245.54	8	7	18	2
514.67	282.20	7	5	18	2
517.11	1061.13	8	12	59	2
515.67	650.52	4	4	12	2
516.38	677.41	5	4	13	2
516.30	731.02	4	5	15	2
518.36	1083.14	8	9	45	2
517.31	715.02	4	8	15	2
518.85	1093.43	5	11	32	2
525.99	716.98	14	5	29	2
530.81	937.19	4	7	12	2
531.25	862.29	4	4	13	2
538.58	315.00	9	10	22	2
537.42	651.45	5	4	15	2
537.39	996.49	4	4	8	2
539.44	303.22	5	6	17	2
540.15	1065.21	6	10	35	2
541.68	843.32	5	5	16	2
545.34	790.70	6	5	13	2
546.73	997.03	6	5	19	2
549.35	227.52	9	4	19	2
548.05	305.43	5	8	16	2
548.74	578.26	4	4	7	2
548.96	884.40	4	4	8	2
551.43	739.15	4	5	10	2
552.46	861.68	4	8	20	2
553.52	940.12	7	5	11	2
555.40	771.92	8	5	15	2
554.28	788.90	6	6	17	2
555.48	754.85	4	4	11	2
556.88	417.54	5	4	17	2
565.16	1036.88	18	7	86	2
563.76	1015.82	14	5	29	2
561.50	643.84	4	4	8	2
565.79	661.41	5	5	14	2
566.78	1063.06	6	4	14	2
568.77	414.29	4	7	19	2
568.97	423.50	5	6	12	2
570.78	349.03	4	5	13	2
571.25	602.29	6	7	31	2
574.04	731.16	9	6	16	2
572.12	973.13	7	6	16	2
575.80	383.76	4	4	10	2
575.62	714.02	5	5	15	2
578.55	688.54	4	5	9	2
579.92	889.48	7	10	38	2
580.00	303.00	5	5	5	2
579.43	532.69	4	6	15	2
579.83	605.24	4	5	12	2
583.07	264.87	9	6	17	2
580.59	415.99	4	6	12	2
587.83	968.13	16	5	44	2
583.59	620.01	4	8	26	2
588.70	1064.10	9	5	31	2
585.63	1093.49	4	8	18	2
589.04	1014.94	9	12	52	2
588.37	688.09	4	7	19	2
589.53	699.48	5	5	11	2
593.63	974.58	12	5	25	2
591.35	653.24	4	6	10	2
593.86	807.86	8	5	28	2
592.77	815.32	7	4	22	2
594.81	830.81	6	11	46	2
593.05	902.20	4	4	11	2
598.15	966.52	5	4	11	2
598.53	441.67	4	4	11	2
601.18	273.21	5	5	14	2
601.20	267.68	4	4	12	2
602.32	773.42	6	5	20	2
604.10	864.70	8	4	16	2
603.31	294.30	4	6	12	2
603.48	744.02	4	5	12	2
604.65	1044.52	4	5	12	2
607.97	476.66	7	4	17	2
609.03	446.48	5	4	16	2
610.76	305.14	7	4	13	2
610.69	267.50	5	4	12	2
610.24	506.95	4	5	12	2
610.84	1064.37	4	4	11	2
615.04	657.46	5	4	9	2
617.61	445.96	6	8	23	2
617.39	459.35	4	4	11	2
619.76	724.90	5	4	14	2
619.58	1030.99	4	5	17	2
620.23	348.70	4	4	9	2
621.47	851.24	6	6	20	2
621.39	501.56	4	11	20	2
621.28	510.59	4	4	10	2
623.45	742.36	4	4	11	2
624.52	767.08	4	5	13	2
625.58	326.05	4	5	11	2
630.74	488.62	4	4	10	2
634.99	913.68	10	6	29	2
632.99	925.05	7	5	14	2
632.55	687.29	4	4	10	2
642.47	848.24	10	6	31	2
641.62	746.69	5	5	13	2
643.72	713.43	4	4	7	2
643.88	937.71	5	4	14	2
645.89	954.31	10	6	16	2
646.91	621.77	8	9	50	2
645.75	324.68	4	6	14	2
647.44	889.75	4	4	12	2
648.78	409.16	5	4	12	2
648.91	792.91	5	4	15	2
648.41	868.94	4	5	12	2
650.38	446.41	4	4	10	2
653.41	859.20	9	8	32	2
651.52	314.59	4	4	7	2
655.14	892.78	5	4	13	2
656.03	626.66	5	4	10	2
658.41	968.19	8	4	18	2
657.36	451.21	4	4	11	2
661.02	340.03	8	5	20	2
658.51	461.17	4	5	13	2
662.45	574.32	8	4	19	2
663.80	874.67	6	4	16	2
664.25	1090.49	8	4	15	2
666.70	882.78	9	5	19	2
666.14	755.38	5	4	11	2
667.72	502.31	5	5	17	2
667.56	946.58	4	4	9	2
668.77	651.34	6	6	22	2
672.27	603.11	4	5	14	2
675.19	1093.71	9	4	18	2
675.16	948.01	5	6	11	2
676.55	461.35	4	4	11	2
677.50	722.65	6	4	22	2
679.95	1051.89	13	4	31	2
678.33	555.02	6	4	11	2
680.38	523.48	4	4	13	2
680.33	842.64	4	4	11	2
683.14	619.84	6	5	15	2
682.07	628.64	5	4	13	2
682.91	543.95	6	9	31	2
687.56	1005.28	10	6	25	2
685.85	313.30	5	4	11	2
686.31	832.28	4	4	12	2
687.24	918.42	4	4	10	2
691.64	627.40	7	4	16	2
693.52	541.15	4	4	11	2
694.71	457.26	4	4	10	2
695.49	764.52	4	4	10	2
696.54	813.79	5	4	13	2
702.03	875.64	8	8	44	2
704.80	834.53	5	4	13	2
705.72	855.57	4	4	10	2
706.41	984.10	6	6	29	2
707.30	441.79	5	5	12	2
709.59	252.20	8	5	19	2
708.79	283.55	7	6	18	2
708.29	623.93	4	5	15	2
709.14	649.02	4	6	10	2
708.86	774.41	4	4	10	2
709.58	405.74	4	4	8	2
710.33	385.83	4	5	6	2
714.02	909.90	9	5	36	2
711.95	531.34	4	5	11	2
715.59	690.97	4	5	14	2
716.70	1030.51	6	4	16	2
718.02	325.31	6	5	13	2
718.41	284.56	4	4	11	2
723.80	996.60	9	6	32	2
723.00	337.36	5	4	12	2
723.84	412.22	4	6	14	2
723.81	873.30	4	4	10	2
726.37	910.74	4	5	8	2
729.03	324.48	5	6	10	2
729.54	333.33	4	4	8	2
732.73	699.11	7	7	21	2
733.14	293.68	5	5	16	2
733.33	864.46	5	4	15	2
734.78	922.07	9	7	42	2
735.28	564.48	5	4	10	2
738.69	274.03	5	5	16	2
738.24	321.93	4	6	14	2
739.01	519.90	5	10	17	2
740.30	429.62	4	8	17	2
742.18	347.61	5	7	13	2
742.12	335.35	4	7	13	2
742.13	850.71	4	4	11	2
745.55	1007.18	7	4	19	2
744.01	971.05	4	5	9	2
749.57	1032.35	12	5	26	2
748.77	354.53	4	9	15	2
749.72	496.46	6	6	22	2
749.94	202.65	5	4	14	2
749.28	816.86	4	4	11	2
750.74	327.41	4	4	11	2
753.85	379.05	6	15	47	2
753.78	314.23	5	5	9	2
753.68	809.43	4	4	9	2
753.66	912.46	4	4	9	2
760.72	201.54	14	5	46	2
757.22	598.70	4	7	13	2
758.25	286.68	4	4	10	2
759.38	804.73	5	7	13	2
761.95	695.54	6	6	20	2
762.91	741.21	7	5	22	2
767.22	866.84	12	8	35	2
770.62	251.62	14	11	57	2
766.33	858.57	7	4	21	2
765.48	327.25	4	9	16	2
768.43	877.67	6	6	18	2
768.75	703.39	4	5	10	2
769.47	806.98	7	9	26	2
769.41	395.24	4	4	11	2
773.33	304.36	4	6	11	2
780.46	450.19	8	16	46	2
780.49	402.82	4	8	17	2
781.29	389.83	4	5	7	2
785.10	856.54	5	4	13	2
786.97	1015.31	8	9	45	2
786.84	505.88	4	7	17	2
786.88	603.31	4	8	13	2
791.13	258.09	9	7	21	2
787.41	516.85	4	6	13	2
788.64	311.62	4	6	10	2
791.36	249.85	8	7	19	2
793.01	875.74	10	8	21	2
792.40	440.50	4	4	11	2
797.52	860.93	14	6	40	2
793.57	905.71	6	6	16	2
794.91	732.94	5	6	20	2
796.37	706.64	4	8	17	2
799.75	975.82	11	5	26	2
799.96	296.01	5	8	14	2
801.19	899.90	6	5	14	2
803.81	244.34	7	8	13	2
806.50	276.67	4	4	6	2
810.60	311.99	4	8	11	2
810.48	591.85	4	8	23	2
813.61	605.65	4	8	12	2
818.89	979.81	8	7	27	2
817.13	281.78	4	5	6	2
818.69	518.59	6	10	20	2
821.29	909.15	11	12	31	2
819.69	470.99	4	10	26	2
820.83	629.79	4	12	25	2
822.61	571.75	4	10	18	2
822.30	1065.25	4	6	14	2
824.02	341.68	4	10	20	2
825.58	324.83	5	11	23	2
826.40	238.03	4	7	8	2
830.76	735.34	6	13	45	2
831.42	873.14	4	5	7	2
832.58	538.27	5	10	21	2
832.17	855.83	4	5	6	2
833.78	355.88	4	15	27	2
836.92	513.66	4	4	8	2
840.76	979.78	9	4	22	2
840.06	562.45	4	9	12	2
841.90	252.04	5	12	19	2
842.11	833.03	5	10	17	2
841.60	1095.46	4	6	16	2
848.50	1040.87	16	7	56	2
845.83	294.64	4	9	12	2
846.36	845.89	4	7	14	2
848.28	961.54	5	6	21	2
849.73	871.18	6	12	22	2
850.38	513.62	4	7	13	2
852.75	310.79	6	13	25	2
855.78	881.34	9	7	17	2
854.83	544.00	4	11	22	2
855.25	989.48	4	4	8	2
858.20	207.23	10	5	23	2
861.15	979.82	13	7	38	2
858.60	677.83	4	13	17	2
860.93	898.25	8	4	16	2
860.88	794.15	4	6	10	2
861.52	860.07	8	8	17	2
863.19	528.50	5	13	32	2
865.32	1040.06	9	6	33	2
865.51	660.54	5	12	27	2
866.32	496.29	5	10	21	2
869.18	371.73	7	14	44	2
867.50	404.57	4	12	24	2
868.67	1096.09	4	7	12	2
869.14	440.57	4	11	25	2
870.89	1021.00	5	5	14	2
873.06	991.22	7	4	19	2
877.74	1041.26	12	8	48	2
875.29	500.13	5	18	47	2
874.85	636.06	4	12	24	2
880.99	1066.85	12	6	31	2
878.91	577.93	4	12	20	2
880.28	888.08	6	6	13	2
881.51	723.25	4	10	20	2
881.56	1052.48	5	5	17	2
885.37	1031.46	6	8	25	2
885.57	278.38	4	4	11	2
888.18	382.50	4	15	22	2
890.32	978.69	7	5	16	2
889.29	1048.73	5	5	18	2
889.10	1000.61	4	4	12	2
891.79	1094.94	5	7	23	2
895.59	874.34	8	7	33	2
897.34	627.13	11	11	44	2
895.30	937.50	6	4	16	2
898.44	689.50	7	9	35	2
895.97	917.88	4	14	23	2
898.10	945.75	7	6	21	2
900.11	277.60	6	7	18	2
898.55	888.69	5	6	13	2
900.49	516.08	4	7	17	2
902.14	531.85	5	10	29	2
901.50	610.62	5	14	38	2
902.30	642.67	4	13	20	2
903.55	352.53	4	11	23	2
906.02	250.19	5	4	10	2
906.17	997.44	5	7	26	2
907.62	209.00	4	4	9	2
907.82	437.21	4	11	21	2
907.97	919.23	5	5	16	2
912.30	201.29	8	4	19	2
917.16	207.06	10	11	44	2
916.56	686.96	4	14	38	2
917.18	1060.10	5	6	14	2
916.20	1093.44	4	10	15	2
920.10	980.64	10	4	19	2
918.99	390.78	4	4	9	2
923.42	1084.24	12	14	44	2
921.67	347.98	4	4	10	2
923.41	475.19	5	11	14	2
924.35	457.98	4	6	15	2
924.15	734.63	4	5	12	2
925.01	742.77	5	11	30	2
928.51	331.68	5	4	10	2
928.63	369.31	4	6	12	2
929.10	419.61	4	13	33	2
929.90	1098.45	5	5	11	2
930.39	349.60	5	11	25	2
931.63	380.33	6	10	34	2
932.29	323.35	5	6	20	2
935.10	997.94	10	6	41	2
932.62	278.32	4	10	27	2
934.35	289.92	7	6	23	2
934.21	208.80	6	5	19	2
937.51	1068.97	6	10	28	2
939.50	682.98	6	11	30	2
942.26	980.29	10	4	24	2
941.31	483.07	6	16	55	2
942.46	499.99	10	16	80	2
942.51	461.17	7	17	61	2
941.60	641.93	4	8	22	2
941.60	656.84	4	8	19	2
941.48	705.08	4	7	18	2
944.69	212.88	10	11	39	2
943.52	612.27	5	14	34	2
945.73	470.92	7	5	26	2
945.17	713.61	7	9	24	2
945.25	414.37	5	6	13	2
946.21	721.49	4	4	8	2
947.84	998.16	6	6	20	2
949.12	484.58	5	10	33	2
952.14	294.74	7	16	41	2
952.52	558.98	5	5	17	2
953.32	307.67	5	5	13	2
953.88	331.00	6	11	37	2
955.91	508.57	11	10	47	2
954.99	244.39	7	7	24	2
953.81	269.85	6	5	19	2
954.88	259.78	5	14	59	2
955.18	518.67	6	5	15	2
955.66	548.99	6	17	64	2
959.45	496.47	10	13	70	2
955.53	534.53	4	5	13	2
956.41	680.90	5	6	20	2
960.02	418.85	12	19	93	2
957.97	477.80	7	5	27	2
956.51	674.01	4	5	16	2
958.96	448.38	7	4	19	2
959.09	484.39	7	4	14	2
958.69	1039.49	6	7	32	2
958.73	1051.76	6	4	17	2
960.38	436.81	7	9	43	2
963.91	393.38	11	10	60	2
960.89	404.74	6	8	31	2
961.52	861.73	6	5	17	2
964.02	355.51	9	16	82	2
964.71	377.30	9	19	81	2
961.50	565.02	4	10	28	2
961.39	629.38	4	6	19	2
964.42	912.22	4	5	9	2
965.09	921.38	5	9	34	2
965.90	850.69	4	9	24	2
965.64	876.27	4	17	32	2
966.59	838.11	5	14	50	2
968.14	263.53	5	5	19	2
967.37	811.60	5	12	35	2
972.62	635.08	4	15	33	2
976.47	555.18	6	9	31	2
975.49	565.15	4	5	12	2
987.25	201.44	8	4	26	2
986.61	213.87	4	7	20	2
53.82	984.11	9	7	53	3
53.33	1018.34	8	8	48	3
54.20	608.50	5	8	25	3
56.52	368.75	6	6	20	3
62.22	450.61	7	10	39	3
64.35	712.92	5	11	41	3
64.50	751.36	4	5	11	3
65.03	983.34	5	4	14	3
65.62	336.43	4	6	15	3
69.25	697.37	4	4	8	3
71.79	778.99	5	5	15	3
77.68	561.90	4	5	12	3
79.22	808.45	7	10	48	3
84.82	1014.52	8	6	34	3
84.58	518.48	4	4	9	3
87.44	568.25	4	5	12	3
87.49	606.41	4	4	9	3
87.23	888.65	4	4	12	3
89.77	259.89	5	9	35	3
89.43	521.36	4	4	8	3
91.75	288.36	4	4	8	3
92.64	450.03	4	5	9	3
94.73	734.41	8	6	30	3
96.77	665.65	4	9	21	3
97.58	696.62	4	8	22	3
98.85	421.43	4	6	13	3
107.47	445.47	7	6	29	3
106.50	775.01	4	8	26	3
114.12	1040.84	16	5	45	3
109.60	273.65	8	9	40	3
110.20	454.31	4	5	8	3
112.26	333.43	5	6	13	3
117.55	451.15	4	5	11	3
117.76	801.36	4	6	13	3
118.90	858.72	5	5	16	3
123.62	919.32	8	7	31	3
124.35	961.47	5	4	11	3
131.54	1040.83	15	6	61	3
127.27	471.09	4	5	9	3
128.83	487.53	4	4	7	3
129.61	827.54	7	6	26	3
129.70	957.68	6	5	22	3
139.53	1024.94	19	6	74	3
136.31	472.67	4	5	15	3
139.54	328.95	4	5	6	3
140.67	709.18	4	4	12	3
141.82	951.53	4	4	11	3
143.78	532.06	5	5	14	3
146.22	893.47	6	4	16	3
146.18	970.01	5	4	12	3
145.45	1045.66	4	4	9	3
146.35	667.36	4	4	8	3
148.97	502.41	5	4	12	3
149.16	875.98	5	7	17	3
155.66	1043.09	13	4	21	3
153.84	507.77	6	6	27	3
153.26	535.33	6	4	14	3
161.16	973.35	12	8	38	3
159.45	323.76	8	11	47	3
163.35	804.52	4	6	15	3
166.82	781.31	4	4	6	3
168.65	932.05	4	6	15	3
171.47	254.55	7	4	17	3
173.15	407.60	5	4	15	3
173.53	1053.87	6	5	19	3
176.16	1014.85	7	4	13	3
175.67	388.04	4	5	10	3
177.15	800.45	6	9	36	3
178.42	953.64	4	7	18	3
182.40	724.72	8	11	40	3
184.12	854.52	5	6	9	3
185.58	976.44	6	5	18	3
188.25	391.31	5	5	19	3
192.68	810.09	11	9	55	3
189.10	964.69	5	5	12	3
192.11	609.97	5	4	7	3
191.08	767.65	4	6	14	3
194.12	981.73	8	4	21	3
192.98	785.59	5	4	14	3
194.05	950.12	6	8	22	3
203.11	266.42	8	6	33	3
204.43	972.05	12	6	40	3
202.31	515.90	4	5	9	3
204.32	256.70	5	5	13	3
205.46	232.10	7	7	32	3
204.97	602.27	6	4	9	3
207.05	493.95	5	5	11	3
206.10	946.83	5	10	22	3
208.78	1045.84	6	4	17	3
211.90	300.48	10	6	34	3
209.59	704.41	6	4	15	3
213.38	217.67	8	5	20	3
213.96	875.43	11	8	32	3
210.93	991.09	5	4	14	3
212.59	383.50	4	4	8	3
213.48	511.42	5	6	12	3
212.75	952.49	4	7	19	3
215.47	999.92	11	7	46	3
213.48	610.29	4	4	13	3
214.33	669.65	7	6	27	3
213.34	809.81	4	4	12	3
214.52	982.10	4	5	13	3
222.62	904.65	5	6	14	3
225.43	629.55	4	4	13	3
226.56	745.69	6	12	29	3
227.89	384.46	5	4	11	3
227.52	841.19	4	6	14	3
230.24	680.90	5	5	9	3
231.51	529.36	5	5	18	3
232.71	278.66	6	6	18	3
231.89	993.76	5	4	15	3
234.86	625.81	7	4	16	3
234.98	781.82	6	11	44	3
239.68	327.67	5	4	11	3
239.57	512.03	5	10	16	3
240.35	351.41	4	4	8	3
240.86	930.65	5	6	14	3
242.26	449.17	5	6	10	3
247.72	614.65	14	6	52	3
241.61	954.38	4	4	13	3
243.53	472.60	4	5	7	3
243.69	805.62	4	5	12	3
243.73	872.90	4	5	11	3
250.40	521.35	4	8	15	3
252.57	704.73	4	4	14	3
253.41	346.50	4	6	12	3
257.58	457.24	4	5	11	3
258.55	201.92	4	5	14	3
261.64	325.66	10	7	32	3
258.72	374.83	4	5	10	3
260.54	842.61	5	4	10	3
261.83	313.17	4	4	6	3
263.50	672.53	6	5	13	3
265.96	861.01	8	7	27	3
265.50	725.37	4	6	17	3
265.51	766.13	4	5	10	3
273.50	1031.01	17	10	92	3
267.28	386.13	4	7	17	3
269.04	784.42	7	14	48	3
268.00	1097.40	6	8	33	3
268.08	682.31	4	5	11	3
272.17	362.45	5	5	13	3
274.22	228.63	8	4	23	3
273.00	695.02	4	8	16	3
273.75	768.53	4	6	13	3
275.61	375.01	4	5	11	3
279.66	831.19	6	7	21	3
285.18	451.27	5	5	13	3
285.58	902.40	8	8	19	3
286.53	622.33	4	4	11	3
290.91	692.13	5	5	11	3
292.30	936.43	8	9	45	3
292.18	761.13	6	7	17	3
296.01	611.30	9	4	19	3
294.10	865.19	8	6	26	3
300.48	1031.88	13	6	40	3
298.54	406.65	6	5	16	3
297.69	434.47	4	4	6	3
300.67	660.98	4	4	10	3
301.25	455.75	4	9	27	3
305.84	549.45	5	4	13	3
307.31	362.57	6	5	10	3
309.68	746.53	9	11	45	3
312.01	1045.37	9	6	29	3
311.10	308.62	5	5	11	3
311.87	591.08	6	4	12	3
312.55	1033.38	8	4	24	3
313.21	632.57	4	4	10	3
313.40	698.59	4	4	10	3
315.78	644.34	4	6	14	3
318.94	963.94	6	4	12	3
320.59	663.85	5	7	19	3
321.54	637.47	4	4	11	3
325.38	1036.73	12	6	51	3
323.41	416.44	5	5	12	3
323.08	735.93	6	15	39	3
323.30	399.47	4	4	11	3
327.36	322.98	7	5	14	3
326.51	801.92	6	7	17	3
327.57	601.61	6	4	12	3
327.97	634.66	6	4	12	3
326.29	708.77	4	5	12	3
328.66	489.37	7	4	11	3
329.98	680.64	10	4	24	3
330.08	382.87	8	11	45	3
332.86	609.00	5	4	8	3
339.92	1032.05	17	12	110	3
339.12	976.93	4	5	14	3
343.90	310.08	9	5	20	3
345.19	764.59	6	5	17	3
343.36	864.24	4	4	11	3
346.74	871.01	8	7	49	3
351.06	576.51	5	4	16	3
355.24	602.18	5	4	13	3
354.51	1027.65	5	5	15	3
357.60	943.30	6	6	20	3
357.97	561.80	5	4	13	3
357.25	835.97	4	9	22	3
360.84	448.22	5	7	20	3
361.20	497.21	5	6	17	3
363.80	622.13	6	4	14	3
364.74	818.38	6	5	13	3
367.82	1037.67	14	17	81	3
364.49	657.38	5	7	14	3
364.56	791.48	5	7	21	3
365.22	857.70	4	4	9	3
368.30	417.87	5	5	12	3
369.04	836.30	6	12	39	3
370.73	609.25	6	7	24	3
372.70	284.75	8	5	17	3
372.68	726.35	8	7	28	3
371.48	352.65	4	4	9	3
371.08	615.56	4	4	9	3
374.95	235.10	9	5	29	3
373.46	446.74	4	6	14	3
377.27	529.03	5	5	13	3
379.85	474.62	5	5	18	3
380.71	333.73	4	4	7	3
381.73	580.84	4	4	11	3
382.34	967.65	6	4	16	3
383.26	725.26	6	4	16	3
385.20	264.57	5	4	8	3
384.74	302.53	5	4	7	3
384.50	859.50	4	4	12	3
388.24	433.46	6	4	15	3
391.70	687.09	8	4	21	3
390.51	867.77	6	9	31	3
392.12	259.65	7	4	15	3
390.52	780.68	4	6	20	3
393.13	306.06	7	5	13	3
392.72	523.71	4	4	10	3
395.51	978.49	4	4	10	3
397.13	1023.33	9	7	36	3
404.08	279.40	7	4	16	3
404.64	691.45	6	11	48	3
404.57	310.19	5	4	11	3
407.09	412.78	4	5	11	3
407.81	836.46	4	4	11	3
408.36	513.73	4	4	7	3
411.46	810.06	4	7	18	3
414.67	334.43	4	4	8	3
416.90	611.51	7	4	16	3
417.01	1010.10	10	15	68	3
416.11	963.26	6	4	14	3
417.18	850.01	5	9	27	3
419.37	898.14	5	4	14	3
423.00	1050.74	9	5	23	3
422.13	936.68	7	4	15	3
421.12	755.28	4	5	15	3
421.78	493.91	4	4	7	3
421.87	799.33	4	11	22	3
423.98	334.83	4	5	9	3
423.64	359.71	4	4	10	3
425.75	550.57	4	4	10	3
426.93	719.75	8	4	21	3
426.32	1009.31	5	4	11	3
426.33	1014.39	4	4	8	3
428.28	542.11	5	5	13	3
430.50	476.10	4	5	14	3
432.27	766.18	5	4	11	3
431.88	827.65	5	6	14	3
434.75	563.73	4	5	14	3
435.24	882.28	6	6	21	3
439.74	1023.97	17	14	142	3
437.01	857.72	6	12	41	3
436.35	338.58	4	5	10	3
438.04	417.33	5	10	32	3
439.89	316.59	5	4	12	3
441.47	998.93	8	6	26	3
441.87	978.93	5	5	16	3
442.45	375.10	4	5	9	3
444.45	652.55	5	4	13	3
445.38	287.64	5	4	13	3
447.89	303.45	7	4	14	3
446.47	591.25	4	4	10	3
448.28	320.73	5	5	8	3
449.54	1008.65	7	5	20	3
449.34	402.98	4	5	13	3
451.66	656.09	6	5	16	3
452.70	717.01	4	4	10	3
457.24	738.24	6	7	22	3
457.51	382.80	4	4	6	3
462.83	975.22	12	9	47	3
464.65	689.29	14	4	25	3
459.85	724.65	5	5	12	3
459.83	842.52	4	4	6	3
461.84	1031.13	12	9	33	3
460.73	1068.72	6	4	14	3
464.54	745.30	7	4	15	3
463.73	568.62	4	4	9	3
465.41	492.59	4	9	27	3
466.35	634.61	5	4	16	3
465.60	652.19	4	4	11	3
468.85	450.43	7	14	70	3
469.57	484.34	4	7	21	3
470.73	769.42	4	5	9	3
472.25	606.83	5	4	12	3
471.69	702.58	5	4	13	3
472.24	733.58	5	7	17	3
475.24	969.20	8	8	19	3
476.65	253.26	8	4	17	3
474.75	417.24	5	5	12	3
475.17	394.62	4	5	14	3
479.64	925.87	13	10	24	3
481.53	687.06	11	7	34	3
478.54	608.86	4	4	11	3
480.56	769.23	4	4	9	3
487.20	1054.27	16	4	45	3
483.26	763.80	6	6	21	3
482.67	906.92	4	5	10	3
483.46	1033.62	5	6	21	3
487.43	695.63	9	8	59	3
487.06	263.21	8	6	17	3
486.17	974.78	5	5	17	3
487.33	814.67	5	6	15	3
487.12	484.12	4	7	22	3
487.05	805.82	4	4	11	3
489.26	779.02	5	4	8	3
490.98	859.42	5	4	12	3
492.42	730.27	4	4	12	3
499.84	1033.80	17	14	87	3
494.28	668.72	6	5	16	3
496.56	822.44	6	8	13	3
495.34	903.05	4	4	8	3
498.03	750.93	6	10	23	3
499.11	1061.06	6	12	51	3
502.52	411.60	8	4	18	3
499.30	805.04	4	5	13	3
500.65	672.56	5	4	11	3
501.26	1093.65	5	6	23	3
504.09	334.12	5	4	5	3
503.51	397.32	4	4	11	3
507.01	249.30	8	4	17	3
508.72	286.26	7	6	16	3
507.49	871.51	4	4	10	3
508.19	1090.38	5	4	10	3
508.31	320.50	4	5	12	3
508.05	812.82	4	5	13	3
508.57	919.71	4	4	9	3
514.33	436.37	4	4	10	3
516.43	1006.36	5	4	16	3
519.34	1032.46	12	6	42	3
516.74	353.08	5	6	20	3
517.36	1060.57	7	13	54	3
518.52	1082.85	8	10	45	3
518.21	301.63	5	5	6	3
518.89	649.89	5	4	14	3
518.61	730.53	4	4	11	3
519.25	1092.95	5	7	23	3
519.22	677.78	4	4	11	3
520.40	529.40	4	6	13	3
520.94	951.19	5	4	11	3
524.55	885.23	4	4	9	3
529.20	731.07	4	4	11	3
532.31	320.30	7	6	14	3
531.05	862.53	5	4	14	3
532.07	962.40	5	4	11	3
535.93	306.65	8	6	22	3
537.30	282.36	4	4	6	3
540.51	230.30	9	4	15	3
540.67	652.50	4	4	10	3
540.85	1063.74	5	9	32	3
543.99	961.47	8	8	31	3
544.56	310.57	4	6	11	3
554.18	790.14	13	7	35	3
549.03	823.03	4	6	12	3
553.79	865.38	7	11	35	3
554.17	395.73	4	10	22	3
554.00	738.58	4	4	9	3
558.51	646.44	5	6	9	3
560.24	771.20	6	4	15	3
565.32	1036.77	19	11	97	3
560.62	737.57	6	4	14	3
559.80	910.83	4	5	13	3
563.06	540.27	5	5	10	3
565.68	427.23	5	7	15	3
566.25	700.28	4	4	10	3
571.62	202.18	9	4	18	3
569.02	755.75	5	4	11	3
568.98	927.51	5	4	6	3
571.59	601.34	7	8	33	3
570.78	691.44	4	4	11	3
572.69	888.16	8	5	29	3
574.84	269.08	10	6	18	3
571.28	906.70	4	4	7	3
575.33	1012.68	8	5	25	3
574.66	656.02	4	7	17	3
576.54	921.90	4	5	11	3
580.54	289.22	6	5	9	3
579.66	419.32	4	6	13	3
581.20	534.38	5	5	16	3
581.50	809.67	4	4	10	3
581.33	850.02	4	7	18	3
585.70	268.50	7	5	9	3
584.90	585.05	4	10	17	3
585.24	621.89	5	9	29	3
585.52	653.73	4	7	14	3
586.88	691.46	5	6	20	3
588.28	1015.40	8	8	37	3
589.69	1064.71	10	4	27	3
587.60	438.32	4	7	14	3
589.02	801.82	5	4	15	3
592.67	950.24	13	5	30	3
595.81	815.04	8	5	25	3
596.58	831.39	9	12	61	3
594.31	901.74	4	4	12	3
596.62	808.91	6	4	17	3
595.58	891.60	4	4	11	3
598.44	443.82	4	5	13	3
600.52	275.79	5	6	18	3
600.68	298.20	4	6	10	3
600.69	429.08	5	11	22	3
599.82	612.34	4	5	14	3
604.44	308.28	6	5	8	3
604.40	1032.74	7	7	25	3
605.26	774.50	5	5	16	3
607.06	443.46	5	6	17	3
606.31	744.32	4	4	13	3
607.12	763.14	5	4	6	3
611.54	817.39	5	6	11	3
610.56	908.69	5	5	12	3
612.72	1039.62	8	10	40	3
611.60	1063.97	5	5	14	3
613.44	436.20	6	4	18	3
614.05	328.21	5	5	13	3
615.51	369.93	4	5	8	3
616.20	446.95	6	8	27	3
620.40	1030.46	5	5	16	3
620.68	502.40	5	9	16	3
623.24	851.70	7	5	19	3
622.85	329.97	4	5	9	3
623.25	865.80	5	4	9	3
624.55	692.54	6	4	12	3
624.56	805.47	4	4	7	3
627.33	962.85	7	6	19	3
626.48	768.23	4	5	15	3
637.91	948.25	7	6	20	3
637.75	686.79	4	4	11	3
638.21	972.67	5	4	9	3
640.94	927.94	7	6	17	3
642.95	328.18	4	5	10	3
645.16	748.15	9	8	21	3
643.07	946.45	5	5	11	3
643.17	340.00	4	4	9	3
644.12	773.33	5	6	14	3
644.18	848.35	5	6	23	3
645.82	915.27	8	4	20	3
646.90	621.71	7	9	50	3
646.95	315.29	5	5	13	3
650.87	794.13	4	6	16	3
650.50	887.29	4	4	10	3
652.57	745.64	6	4	13	3
656.52	341.64	11	7	21	3
657.85	900.53	10	7	33	3
657.47	860.12	6	4	17	3
656.69	926.66	5	4	13	3
657.35	460.96	4	5	11	3
658.77	868.62	5	4	16	3
660.34	958.60	8	4	12	3
660.10	576.64	6	7	25	3
660.51	321.19	4	5	14	3
663.97	1090.26	7	4	17	3
663.62	297.55	4	4	13	3
667.89	873.88	7	4	21	3
666.58	885.18	4	4	11	3
667.13	501.68	4	4	13	3
670.99	321.38	8	6	16	3
670.76	517.09	4	5	12	3
671.24	649.91	4	8	23	3
674.27	603.54	5	4	15	3
675.43	1093.84	8	5	22	3
675.47	723.48	6	4	22	3
675.73	461.57	4	4	10	3
676.99	554.59	5	5	13	3
678.74	1051.44	9	4	26	3
679.36	521.87	4	5	13	3
681.12	617.46	5	4	10	3
682.54	542.79	6	10	35	3
685.23	946.29	10	6	31	3
683.64	842.79	4	5	13	3
684.54	629.37	4	4	11	3
685.68	620.24	5	4	14	3
695.33	1051.25	10	4	26	3
694.04	1097.79	6	5	14	3
696.80	277.57	5	4	13	3
697.77	763.22	4	4	12	3
699.82	813.29	6	7	20	3
702.56	249.32	9	5	27	3
699.57	834.66	4	6	13	3
700.84	412.01	5	5	12	3
702.13	875.50	7	8	41	3
706.64	965.90	13	6	20	3
705.24	439.03	5	5	14	3
706.11	984.02	7	6	28	3
705.87	556.12	5	4	6	3
706.12	621.61	4	4	11	3
707.92	404.76	5	6	15	3
708.63	812.62	4	4	8	3
709.48	856.62	6	5	21	3
709.21	424.22	4	4	8	3
711.92	528.53	4	5	13	3
711.61	649.43	4	4	11	3
712.96	320.32	5	6	11	3
716.48	313.34	6	4	11	3
718.89	910.12	10	7	40	3
717.20	900.92	5	4	15	3
720.32	744.62	4	4	11	3
722.40	803.64	4	4	13	3
723.77	993.74	8	5	30	3
725.53	319.02	4	5	8	3
729.71	559.71	6	5	11	3
728.64	958.12	5	5	14	3
731.14	291.02	5	5	12	3
731.45	904.55	4	4	9	3
734.41	698.22	6	8	26	3
734.51	307.28	4	4	8	3
735.23	735.03	5	5	9	3
735.29	864.52	5	4	16	3
735.35	316.59	4	6	12	3
736.98	720.80	4	5	9	3
742.83	1032.44	19	6	59	3
739.31	424.34	5	6	22	3
740.13	515.49	8	7	23	3
739.52	329.68	4	6	13	3
739.56	681.23	4	4	9	3
745.35	276.64	6	4	17	3
744.90	851.34	6	4	13	3
749.10	1051.69	14	8	53	3
746.24	281.34	6	4	11	3
746.09	349.44	4	9	12	3
745.44	964.22	5	7	20	3
748.13	495.25	7	5	27	3
748.08	324.21	5	4	15	3
750.17	839.89	8	4	15	3
750.38	331.41	4	6	17	3
751.90	371.08	7	12	46	3
750.01	586.62	4	4	10	3
751.49	310.49	4	4	4	3
751.80	816.25	4	4	12	3
752.81	855.16	7	5	19	3
752.87	1065.21	7	4	17	3
754.78	969.05	8	6	22	3
753.73	1026.61	6	4	12	3
754.73	352.29	5	6	9	3
758.76	887.01	12	5	31	3
762.52	248.21	15	6	33	3
755.33	445.93	4	7	13	3
760.59	201.48	14	5	43	3
759.59	343.37	4	7	16	3
760.29	1022.30	5	5	19	3
760.75	805.42	4	4	12	3
762.34	476.69	5	7	16	3
764.74	243.75	8	5	16	3
763.68	322.60	4	7	15	3
764.05	576.28	4	5	9	3
768.92	298.26	7	6	15	3
766.63	738.14	4	6	12	3
767.82	865.33	6	8	25	3
768.88	391.09	5	5	14	3
769.58	946.92	4	6	14	3
772.42	855.56	7	4	20	3
772.37	845.03	6	5	13	3
773.74	782.18	5	4	9	3
777.74	383.54	4	6	10	3
780.04	875.83	8	6	15	3
782.70	243.24	9	8	22	3
781.90	440.41	4	6	18	3
781.20	447.66	4	7	20	3
782.01	740.75	5	4	14	3
782.47	462.61	4	9	12	3
783.27	498.94	6	7	20	3
784.51	252.36	4	4	11	3
784.41	596.35	4	8	15	3
786.46	781.46	5	4	10	3
788.10	895.57	4	4	6	3
789.57	927.93	5	6	10	3
792.18	1012.09	8	8	38	3
791.63	292.80	4	6	14	3
791.10	395.77	4	7	15	3
791.51	978.78	4	5	14	3
792.98	250.61	4	4	8	3
796.57	236.22	7	7	17	3
797.26	290.52	5	8	15	3
796.74	508.82	4	10	20	3
797.28	729.27	5	6	17	3
799.57	356.35	4	6	14	3
800.38	944.70	6	7	19	3
801.03	853.36	5	5	8	3
800.48	930.43	4	4	10	3
800.83	1011.20	5	5	14	3
807.32	582.90	8	15	30	3
808.37	856.39	10	8	30	3
810.74	891.42	15	12	38	3
810.40	972.91	8	5	19	3
813.71	507.84	6	11	16	3
813.45	251.60	4	5	10	3
814.22	546.68	4	8	13	3
816.69	750.29	4	8	18	3
816.08	978.34	4	4	12	3
818.21	1021.62	6	4	19	3
818.82	623.74	4	10	16	3
819.12	460.65	4	11	32	3
819.14	562.34	4	9	11	3
822.42	313.44	5	12	25	3
821.48	330.96	4	10	18	3
822.62	1065.55	4	6	13	3
824.05	1073.10	5	6	14	3
823.73	1083.43	5	4	16	3
824.63	636.29	4	12	24	3
826.43	592.19	4	11	19	3
832.85	896.26	12	14	31	3
830.01	527.60	5	11	27	3
831.38	344.19	5	16	29	3
834.32	727.52	6	12	52	3
834.99	506.43	4	6	14	3
838.82	980.00	11	7	25	3
837.86	242.49	5	11	16	3
839.93	865.41	7	7	15	3
839.31	650.60	4	6	7	3
841.02	1094.98	5	7	19	3
842.53	284.74	4	11	13	3
847.10	818.90	5	10	25	3
848.14	298.41	5	13	21	3
847.93	987.20	4	4	12	3
850.62	961.99	6	4	16	3
851.97	271.05	4	9	12	3
851.93	533.03	7	11	31	3
852.15	457.53	4	11	24	3
853.98	865.01	4	4	10	3
858.32	207.11	10	5	26	3
856.55	358.91	5	14	21	3
861.55	980.56	12	10	52	3
860.88	519.08	4	16	35	3
862.01	485.83	5	10	23	3
862.68	876.70	5	5	13	3
865.65	359.17	7	16	51	3
869.91	848.85	10	10	29	3
871.96	487.25	5	19	56	3
873.29	978.30	5	7	21	3
874.97	561.10	4	10	16	3
877.03	891.09	6	5	15	3
876.92	991.19	7	4	18	3
880.13	1066.65	11	7	37	3
876.30	1078.71	4	4	7	3
883.46	386.06	4	14	26	3
884.06	1031.87	5	6	21	3
885.56	882.68	4	6	12	3
889.85	1048.73	6	5	25	3
889.45	857.98	4	4	7	3
889.42	1069.32	4	7	13	3
891.61	835.57	5	7	14	3
895.78	945.59	12	6	29	3
893.20	980.12	5	5	15	3
896.42	873.32	8	10	44	3
893.89	959.31	5	9	29	3
897.89	691.83	8	6	24	3
899.86	627.19	9	5	33	3
898.09	845.83	5	6	15	3
897.34	911.54	4	19	45	3
899.43	749.72	4	8	12	3
901.42	513.48	6	8	14	3
901.26	525.84	7	14	43	3
901.22	640.47	5	10	23	3
905.84	208.33	11	6	22	3
901.30	596.37	4	12	23	3
903.04	484.77	5	18	43	3
905.67	412.42	4	13	18	3
908.21	425.21	6	12	25	3
906.67	502.79	4	15	35	3
906.64	1001.98	5	7	27	3
907.81	919.39	5	4	15	3
908.43	280.00	4	7	14	3
912.20	201.20	8	4	19	3
911.72	483.67	4	10	25	3
917.05	207.00	10	11	44	3
917.48	1095.55	5	7	13	3
917.88	358.81	4	6	13	3
917.52	675.07	4	13	31	3
920.47	234.01	6	5	26	3
919.31	390.79	5	4	9	3
921.94	348.67	4	4	10	3
921.77	354.32	4	4	9	3
921.24	557.18	5	13	31	3
923.88	1085.25	9	10	42	3
923.56	474.78	4	11	20	3
925.45	740.69	7	14	48	3
929.11	368.83	5	5	14	3
928.88	416.95	4	5	14	3
928.40	1029.53	4	4	10	3
930.52	351.25	5	6	15	3
930.62	357.56	4	4	11	3
931.59	379.67	6	9	29	3
930.18	1098.64	4	4	11	3
932.14	323.21	5	6	21	3
936.31	1001.21	12	5	37	3
934.25	208.83	6	5	19	3
937.50	1068.89	6	9	29	3
941.06	486.04	7	9	34	3
939.84	683.39	5	15	35	3
942.78	471.51	10	9	50	3
941.56	638.91	5	15	31	3
942.47	708.47	5	14	32	3
943.70	980.48	8	4	19	3
944.62	212.83	10	9	38	3
943.23	610.70	4	13	28	3
946.98	1002.00	6	5	23	3
946.53	1063.62	4	10	20	3
948.82	483.64	5	10	31	3
949.67	635.02	4	7	17	3
951.85	297.84	7	14	40	3
955.10	471.82	10	5	32	3
951.86	559.78	4	5	16	3
953.86	331.06	6	12	40	3
952.31	505.39	4	7	17	3
955.55	549.54	6	17	68	3
955.75	245.01	5	5	16	3
957.28	511.33	7	7	25	3
956.38	681.04	5	5	19	3
957.85	479.76	6	11	46	3
956.52	674.30	4	4	14	3
957.92	212.57	4	4	9	3
959.71	492.01	8	5	27	3
958.67	1039.10	6	9	34	3
958.51	1051.80	6	4	20	3
960.64	405.23	7	8	33	3
959.82	501.28	6	10	33	3
960.72	564.40	5	9	35	3
961.05	628.67	5	6	19	3
961.27	527.64	4	6	19	3
964.15	327.82	5	5	17	3
964.19	938.87	4	16	32	3
965.05	921.02	5	9	37	3
968.30	270.34	7	7	18	3
968.68	261.42	5	8	24	3
968.48	479.67	6	7	23	3
967.45	811.55	5	10	31	3
968.57	535.90	4	5	19	3
976.37	553.23	6	16	48	3
987.25	201.41	8	4	26	3
986.64	214.13	5	7	23	3
53.70	983.98	9	7	52	4
53.42	1018.38	8	8	51	4
54.68	371.63	6	4	18	4
54.13	585.71	5	8	23	4
54.48	612.40	5	7	22	4
59.52	421.88	4	6	15	4
60.37	456.87	4	9	30	4
60.96	622.68	5	5	14	4
63.68	720.12	6	10	39	4
79.85	809.20	7	9	46	4
87.57	1014.75	7	7	32	4
88.45	962.47	4	4	11	4
90.69	259.07	5	8	33	4
90.35	454.71	4	5	11	4
94.68	736.36	6	6	27	4
97.47	700.16	4	7	19	4
102.93	448.10	9	8	39	4
101.32	415.72	4	4	10	4
105.82	852.23	7	4	17	4
104.10	834.54	4	4	13	4
109.13	273.51	6	9	36	4
108.08	776.78	4	7	17	4
109.20	806.85	4	5	9	4
117.65	423.47	4	6	13	4
120.70	451.12	5	5	9	4
122.84	919.39	7	4	19	4
126.02	961.58	6	4	16	4
126.25	732.97	5	5	19	4
126.28	551.20	4	4	7	4
126.45	818.10	4	5	9	4
133.01	832.19	7	6	21	4
133.82	475.72	6	5	17	4
140.34	1025.36	18	8	55	4
134.62	571.50	4	4	8	4
139.10	322.11	5	5	9	4
140.68	709.53	4	4	10	4
141.14	534.76	4	4	11	4
144.35	601.87	4	4	10	4
147.07	970.26	5	6	17	4
149.24	1020.44	5	4	10	4
151.95	510.80	5	7	23	4
152.43	536.89	7	4	17	4
154.67	327.85	7	11	46	4
158.23	956.80	4	4	13	4
159.40	416.11	5	7	16	4
162.53	1041.57	6	4	12	4
163.62	803.32	5	5	17	4
165.89	256.26	5	4	17	4
168.40	481.65	4	5	8	4
171.75	1054.21	11	5	43	4
170.78	931.33	4	5	11	4
170.54	947.01	4	5	16	4
172.03	409.81	5	4	11	4
173.20	390.08	5	5	15	4
177.98	806.24	6	8	32	4
176.94	973.14	6	4	15	4
178.24	815.66	4	4	13	4
179.13	955.20	4	4	6	4
180.50	468.50	4	4	4	4
183.08	726.96	8	9	33	4
182.96	964.79	7	4	14	4
183.76	393.20	6	5	23	4
187.48	814.02	9	8	42	4
186.81	1050.73	5	4	11	4
190.66	766.86	4	5	14	4
192.02	968.86	6	5	15	4
192.48	609.87	5	4	7	4
195.32	268.76	4	4	10	4
195.44	949.07	4	8	15	4
198.73	981.33	6	6	19	4
201.80	233.91	5	7	17	4
202.84	960.20	7	5	25	4
204.91	303.83	9	5	31	4
205.08	435.62	4	4	9	4
204.51	498.11	4	5	13	4
203.89	966.25	4	6	12	4
204.55	974.52	4	7	19	4
206.96	221.76	5	4	11	4
207.66	667.30	4	4	10	4
208.30	944.88	5	5	15	4
209.37	705.32	4	4	14	4
210.88	515.19	4	5	10	4
210.62	762.52	5	8	20	4
214.97	811.17	5	4	11	4
216.25	877.23	7	7	23	4
220.85	972.53	14	6	36	4
215.30	992.76	5	4	12	4
216.43	669.56	6	6	26	4
215.36	950.87	4	6	18	4
216.51	629.48	4	4	10	4
217.29	516.20	4	6	12	4
219.38	983.90	5	4	13	4
220.66	363.49	7	5	13	4
222.53	907.57	5	4	7	4
226.80	1003.12	15	7	51	4
223.57	810.31	4	4	7	4
224.68	386.37	4	4	11	4
228.55	281.11	6	6	15	4
228.47	534.27	5	11	22	4
228.48	745.07	6	12	35	4
228.30	629.07	4	5	14	4
229.86	987.88	6	4	17	4
231.67	463.41	5	4	9	4
231.30	681.87	4	5	7	4
233.37	967.03	6	4	14	4
238.87	994.73	10	4	29	4
238.78	781.97	5	10	37	4
240.36	526.00	4	6	16	4
242.57	872.26	4	7	23	4
242.44	967.35	4	4	9	4
250.69	615.79	15	4	47	4
246.03	706.40	5	9	28	4
247.11	679.54	5	4	11	4
248.03	785.09	4	9	20	4
250.63	350.64	4	6	12	4
253.89	329.95	9	5	28	4
255.96	378.46	5	4	9	4
255.08	1042.04	4	4	11	4
258.29	202.16	4	5	12	4
265.88	389.38	4	7	20	4
266.18	727.34	5	4	12	4
267.68	673.88	6	5	11	4
267.94	785.82	7	11	40	4
267.32	862.13	7	8	28	4
274.19	1032.36	17	9	78	4
268.16	552.89	6	4	11	4
268.69	1097.63	7	7	28	4
267.95	686.17	4	6	15	4
272.69	728.01	5	7	13	4
274.38	378.63	4	4	11	4
281.88	833.31	7	10	32	4
283.01	453.50	5	4	14	4
283.64	905.83	4	4	11	4
286.21	767.68	4	4	9	4
291.90	866.68	4	8	20	4
293.82	938.36	8	9	40	4
293.15	614.75	6	4	13	4
296.42	408.26	4	4	12	4
301.65	454.23	4	10	30	4
305.51	310.02	9	4	18	4
306.78	928.12	13	4	28	4
310.30	749.75	8	7	31	4
311.44	704.00	4	4	9	4
318.71	1044.38	4	4	10	4
320.65	327.42	6	5	12	4
322.47	665.67	4	4	14	4
328.57	681.28	13	5	27	4
324.03	740.93	7	12	41	4
323.31	805.98	4	6	17	4
325.47	1036.88	8	10	54	4
324.75	443.38	4	6	15	4
325.21	640.04	5	5	18	4
326.87	712.19	5	6	16	4
330.39	383.17	9	8	44	4
328.38	520.44	4	4	11	4
331.43	488.64	8	5	17	4
331.80	550.73	5	6	13	4
334.07	637.30	7	7	17	4
338.66	1032.75	16	8	83	4
335.54	314.51	7	5	22	4
337.50	978.49	4	4	12	4
343.54	765.99	6	5	19	4
343.82	864.06	6	4	13	4
344.82	1048.57	6	4	15	4
346.90	871.08	9	7	50	4
354.11	326.59	5	4	10	4
354.72	577.38	5	5	14	4
355.93	643.86	5	5	17	4
355.69	948.32	5	4	6	4
361.91	1041.96	15	6	41	4
356.95	757.67	5	4	13	4
356.86	836.35	4	9	19	4
360.77	819.98	7	6	21	4
362.08	448.20	5	5	17	4
363.40	495.19	4	4	11	4
363.27	793.38	4	4	11	4
365.42	419.39	6	4	15	4
364.58	947.51	4	4	12	4
370.16	1032.73	14	6	42	4
367.45	659.00	8	6	20	4
367.32	672.77	7	4	12	4
367.97	622.63	6	4	13	4
368.74	920.50	8	4	16	4
371.52	612.02	8	7	28	4
373.20	448.27	6	7	13	4
374.86	729.55	7	4	16	4
377.99	1043.67	9	7	37	4
379.37	760.49	5	4	9	4
379.70	536.04	5	5	14	4
381.33	474.26	5	5	16	4
381.97	770.52	5	4	13	4
383.77	495.57	5	4	13	4
384.76	727.57	6	4	16	4
386.06	261.76	7	4	14	4
384.55	965.39	5	4	11	4
387.69	803.73	5	13	22	4
387.80	718.54	5	4	11	4
387.99	820.11	4	5	13	4
389.96	782.08	5	11	23	4
390.48	860.61	4	8	22	4
394.41	688.67	6	4	15	4
396.39	456.62	4	7	17	4
405.70	692.45	8	4	22	4
404.63	576.50	4	4	8	4
407.61	697.01	12	5	26	4
406.34	477.92	4	8	14	4
411.22	743.18	7	4	14	4
412.07	812.47	5	8	25	4
415.98	1007.51	9	11	55	4
421.61	1050.07	18	5	54	4
424.56	1065.64	19	5	63	4
417.88	851.65	5	6	21	4
418.50	956.61	7	7	21	4
419.70	404.72	4	4	10	4
422.20	828.88	5	5	12	4
422.78	335.68	4	4	8	4
422.94	513.83	4	4	11	4
422.22	939.66	4	4	10	4
424.15	672.61	5	4	9	4
423.52	730.48	4	4	8	4
423.51	819.80	4	5	9	4
428.08	551.47	6	4	13	4
427.53	741.90	4	4	11	4
431.72	829.69	7	5	17	4
431.37	477.13	4	6	15	4
431.50	981.48	4	4	12	4
433.90	883.23	5	5	18	4
435.94	858.98	6	13	42	4
435.80	1051.18	6	4	10	4
435.31	768.69	4	4	10	4
436.74	422.28	5	4	14	4
437.60	558.57	6	5	14	4
438.01	564.46	7	4	19	4
437.75	317.44	4	4	13	4
436.92	340.98	4	7	16	4
437.74	644.91	4	4	10	4
444.19	937.61	4	4	11	4
446.28	1040.63	4	4	10	4
447.34	404.42	4	4	11	4
448.29	590.66	5	4	11	4
449.49	356.25	4	5	13	4
452.74	718.76	5	5	10	4
455.32	657.82	7	4	15	4
459.32	739.14	5	8	22	4
464.76	495.36	4	10	31	4
466.04	567.64	5	5	13	4
466.00	1033.53	6	4	15	4
466.17	745.84	4	6	13	4
469.11	451.97	7	13	61	4
468.37	1051.35	6	4	13	4
469.30	636.24	6	4	15	4
469.59	484.54	5	6	21	4
470.13	967.29	6	6	24	4
472.16	690.56	5	4	11	4
473.72	418.47	6	4	17	4
472.59	836.52	4	4	8	4
475.51	737.51	7	4	19	4
478.32	971.41	8	7	28	4
477.18	1064.79	6	4	10	4
482.35	686.81	9	6	29	4
487.25	695.57	11	8	61	4
484.92	484.48	5	8	28	4
484.93	1032.75	6	6	14	4
485.24	771.97	4	4	8	4
488.20	765.66	5	5	18	4
488.69	806.84	4	5	13	4
489.02	815.61	5	5	14	4
489.73	384.86	4	5	11	4
490.63	439.57	4	4	11	4
492.48	780.37	4	4	10	4
494.19	1033.05	6	7	26	4
495.00	761.12	5	5	9	4
497.65	669.72	4	4	12	4
499.82	1062.38	8	6	33	4
499.91	251.14	7	6	15	4
498.99	338.42	4	4	7	4
499.83	412.73	4	4	10	4
500.97	750.64	6	6	19	4
501.91	1029.03	10	5	27	4
500.92	805.60	5	4	13	4
501.00	1093.89	5	5	21	4
502.61	290.80	7	5	16	4
501.65	673.52	4	4	11	4
502.67	1037.45	6	6	30	4
506.54	497.32	4	5	16	4
508.19	1090.39	5	4	10	4
509.88	812.81	4	4	13	4
514.83	356.55	4	6	15	4
516.98	1060.20	7	11	52	4
521.57	1030.81	13	8	43	4
518.80	1082.83	9	10	47	4
518.82	304.31	4	4	7	4
519.47	918.01	4	4	6	4
520.44	1092.73	4	6	21	4
523.25	852.38	5	4	8	4
526.90	325.09	6	5	11	4
530.35	1007.38	10	4	16	4
531.81	1033.54	9	10	54	4
529.50	863.49	4	4	8	4
532.36	1059.72	5	6	21	4
534.42	376.46	4	4	9	4
535.41	685.13	4	5	7	4
536.36	959.51	4	4	8	4
537.67	424.53	4	4	6	4
545.58	1037.90	18	10	94	4
540.87	315.05	4	5	10	4
541.25	1065.88	5	9	35	4
541.88	710.89	5	5	13	4
542.80	704.19	4	4	11	4
548.75	419.71	6	4	15	4
547.82	886.82	4	8	16	4
549.21	961.71	4	4	8	4
554.75	400.17	5	4	12	4
554.69	870.33	5	7	28	4
563.84	1036.77	18	11	100	4
559.77	788.77	8	5	25	4
561.12	649.57	5	6	14	4
561.92	431.35	4	5	8	4
564.77	884.53	10	7	35	4
565.18	274.13	9	5	19	4
562.51	621.45	4	6	14	4
562.74	913.20	4	5	14	4
569.43	819.54	4	6	12	4
571.94	602.22	7	7	41	4
576.05	996.53	14	6	38	4
578.38	977.53	5	4	11	4
578.77	720.61	4	4	10	4
581.74	1058.18	6	4	15	4
582.41	536.05	4	5	11	4
586.12	694.65	6	6	25	4
586.91	432.88	5	5	15	4
587.78	440.06	5	6	15	4
587.38	624.07	4	10	24	4
588.10	1013.67	5	6	21	4
588.94	1066.26	7	7	34	4
587.27	1093.37	4	9	25	4
591.11	1004.34	6	5	21	4
593.29	424.87	4	4	10	4
595.25	859.50	5	4	16	4
599.44	816.21	7	4	20	4
599.17	830.23	7	5	29	4
598.82	836.39	7	4	24	4
599.69	272.77	6	4	17	4
600.51	433.42	7	8	22	4
599.83	278.85	5	4	13	4
601.18	710.37	6	5	15	4
606.41	945.95	10	8	24	4
607.05	959.41	11	5	18	4
604.50	440.47	4	6	16	4
607.92	1034.11	8	4	21	4
607.86	776.04	6	9	20	4
609.33	729.91	6	4	10	4
610.81	922.39	6	4	18	4
610.79	332.26	4	5	12	4
609.95	743.32	4	5	12	4
614.45	970.10	11	4	23	4
612.02	1039.80	7	8	28	4
611.64	1064.79	6	5	14	4
613.64	906.46	8	6	17	4
615.60	449.85	4	9	19	4
617.44	693.70	5	5	14	4
620.04	513.63	8	6	14	4
619.98	723.38	6	5	11	4
619.45	334.02	4	5	8	4
619.65	504.40	5	7	11	4
619.36	661.12	5	5	17	4
624.24	733.65	5	5	13	4
623.49	1003.38	4	4	8	4
626.21	852.57	5	4	16	4
627.72	724.97	7	4	17	4
629.17	768.67	4	4	12	4
639.03	754.12	5	4	11	4
641.70	885.22	4	4	8	4
641.94	934.07	4	5	12	4
646.64	620.98	10	11	57	4
644.63	848.07	9	5	25	4
644.87	317.05	6	5	13	4
645.33	968.76	8	5	16	4
648.58	748.55	10	6	23	4
651.51	343.55	11	4	18	4
648.53	506.34	4	4	13	4
651.55	930.51	10	5	29	4
649.61	479.77	4	4	10	4
653.77	917.33	13	5	19	4
650.13	872.89	4	4	9	4
652.51	885.66	4	4	11	4
654.19	309.03	4	5	11	4
654.38	452.61	5	4	10	4
658.64	577.06	6	6	19	4
663.22	874.31	7	7	24	4
662.68	897.11	5	5	19	4
664.38	485.68	4	4	12	4
668.62	321.32	7	6	14	4
666.23	501.84	4	6	14	4
670.44	525.98	5	5	11	4
672.05	873.60	7	4	18	4
671.29	598.75	4	4	12	4
673.26	724.55	7	4	24	4
674.71	963.17	7	4	15	4
673.59	649.01	4	5	17	4
675.59	1093.61	9	4	20	4
674.42	461.55	4	4	9	4
676.42	603.44	4	4	12	4
679.51	1051.82	9	4	24	4
677.93	902.91	5	4	11	4
678.79	332.19	4	4	9	4
678.38	520.97	4	5	11	4
679.97	794.08	5	4	9	4
681.99	806.72	6	5	9	4
682.17	541.34	6	10	36	4
690.11	1097.24	15	5	31	4
685.50	1022.85	6	5	19	4
686.65	629.75	4	4	13	4
694.15	1051.32	18	4	42	4
692.71	381.95	12	6	17	4
687.81	620.75	5	5	20	4
688.56	679.62	7	4	11	4
688.32	843.26	5	4	14	4
689.21	889.58	4	4	9	4
692.81	990.53	6	4	11	4
694.78	246.63	8	6	19	4
697.83	1038.33	14	9	70	4
694.09	655.23	4	4	12	4
694.39	831.75	4	4	12	4
700.02	255.53	4	4	9	4
700.13	280.41	5	4	8	4
698.93	410.87	4	5	9	4
699.89	762.82	4	5	14	4
702.39	875.60	7	8	40	4
702.71	435.83	4	5	13	4
702.41	552.33	4	6	11	4
703.03	812.52	5	6	15	4
704.43	619.56	4	4	13	4
704.96	926.51	5	6	18	4
705.56	956.71	6	7	25	4
705.42	850.50	4	5	10	4
706.12	984.30	5	6	24	4
705.88	1053.69	5	8	23	4
707.31	315.20	7	6	14	4
707.99	423.02	6	9	14	4
707.73	654.23	4	4	10	4
711.64	204.18	11	4	28	4
710.81	286.20	5	5	14	4
710.11	1015.62	4	5	11	4
712.42	857.84	6	4	12	4
716.94	1051.59	15	5	52	4
713.81	295.63	4	6	16	4
713.59	309.45	4	4	7	4
719.76	335.61	6	4	16	4
720.56	403.57	4	6	16	4
722.18	314.12	5	5	12	4
724.74	911.51	9	6	37	4
724.10	991.15	8	6	35	4
725.12	555.72	5	4	7	4
728.33	572.15	4	6	8	4
732.81	668.89	8	5	16	4
730.57	983.57	4	4	7	4
736.94	323.61	4	7	12	4
737.21	698.67	6	7	17	4
737.34	902.11	6	5	19	4
739.07	419.67	5	6	16	4
738.93	865.17	5	5	19	4
740.37	276.17	6	6	23	4
739.44	953.41	4	4	7	4
740.68	720.76	4	5	9	4
746.13	493.81	7	5	28	4
747.49	305.16	7	6	12	4
746.26	851.77	5	4	15	4
746.04	958.21	5	13	34	4
747.74	323.02	7	11	27	4
750.16	245.12	8	4	18	4
750.02	202.03	5	4	12	4
749.69	345.54	4	6	6	4
750.20	364.12	5	13	42	4
752.48	437.39	5	10	17	4
754.14	816.00	6	5	15	4
752.66	854.50	4	4	12	4
755.92	1065.82	8	4	13	4
757.51	239.31	8	5	17	4
758.10	245.01	9	5	20	4
760.36	201.32	13	4	38	4
761.84	1004.49	9	4	20	4
761.44	968.68	5	8	22	4
762.22	318.58	4	8	18	4
763.27	804.96	5	4	10	4
764.54	689.06	4	4	7	4
764.81	721.72	5	5	12	4
765.95	293.70	5	6	17	4
770.01	735.38	5	4	13	4
772.19	434.59	6	7	26	4
773.90	237.03	9	6	18	4
776.93	854.74	6	8	20	4
777.99	1033.55	6	4	12	4
779.16	492.87	5	7	18	4
781.43	433.53	6	6	21	4
780.93	452.27	6	10	17	4
781.55	445.83	4	4	11	4
783.65	885.09	8	8	21	4
781.18	1020.83	4	5	16	4
783.96	738.17	6	5	19	4
783.99	878.30	5	5	10	4
787.97	777.07	8	7	24	4
787.52	256.99	6	5	10	4
789.82	868.89	11	9	27	4
790.45	230.31	7	7	17	4
788.04	286.72	4	6	11	4
788.97	625.69	4	7	20	4
791.46	602.24	4	9	26	4
791.55	687.02	4	4	9	4
792.75	282.82	5	9	18	4
794.68	499.38	4	11	24	4
797.15	1008.38	9	10	47	4
795.98	976.07	5	6	19	4
797.59	351.00	4	7	15	4
800.67	723.38	5	6	13	4
803.74	573.77	8	16	27	4
807.18	925.26	5	5	16	4
808.53	497.75	6	12	23	4
807.52	630.11	4	9	18	4
813.22	855.01	15	13	47	4
809.90	602.47	4	8	17	4
815.14	661.07	4	5	12	4
816.87	555.03	4	7	11	4
816.30	615.30	4	9	17	4
817.58	1021.68	6	4	17	4
817.88	885.59	5	4	9	4
818.93	302.55	5	12	26	4
818.41	452.87	4	8	16	4
822.75	764.09	4	8	21	4
825.20	878.59	7	9	18	4
823.85	1072.82	4	5	14	4
825.19	1083.58	5	4	17	4
826.27	630.25	5	13	26	4
828.51	331.96	5	15	33	4
828.14	518.90	4	6	13	4
833.28	544.19	5	10	18	4
833.84	233.21	5	10	13	4
837.12	718.87	7	15	57	4
837.22	460.68	4	8	14	4
839.89	643.30	8	13	27	4
842.83	882.41	10	15	31	4
840.22	896.86	4	6	7	4
840.86	1095.28	5	5	17	4
843.24	284.98	7	19	25	4
844.68	305.98	5	11	24	4
845.15	784.62	4	14	25	4
848.75	522.28	4	11	19	4
850.23	807.43	5	13	37	4
850.64	834.15	5	6	9	4
851.06	588.83	4	12	16	4
854.06	346.44	4	8	17	4
853.52	526.90	4	11	19	4
855.57	943.51	4	4	10	4
855.31	982.01	4	4	10	4
858.40	207.22	10	5	24	4
856.50	474.54	4	8	16	4
858.89	510.00	5	15	34	4
859.59	299.46	4	11	17	4
863.45	347.94	7	13	51	4
861.47	852.69	4	9	13	4
862.23	938.72	5	4	11	4
862.76	976.74	5	5	14	4
863.41	377.88	4	14	28	4
864.02	985.43	5	8	28	4
864.08	775.41	4	11	23	4
869.18	471.77	7	13	31	4
867.59	478.39	5	12	24	4
872.79	552.47	4	11	19	4
872.86	898.57	5	4	9	4
874.24	980.45	5	7	24	4
875.17	377.17	5	17	26	4
876.80	838.57	8	11	26	4
875.36	1071.33	5	4	9	4
875.88	1031.87	5	4	13	4
876.57	932.43	4	4	7	4
877.64	1066.46	5	4	13	4
881.21	398.56	6	15	33	4
879.36	739.73	4	13	19	4
881.40	991.66	8	4	23	4
881.33	652.78	4	12	21	4
887.02	1067.66	10	6	28	4
885.95	754.57	4	18	37	4
887.90	795.69	5	5	13	4
889.67	1048.72	7	5	27	4
890.64	946.69	8	4	23	4
891.90	884.70	4	4	10	4
891.54	971.35	4	5	15	4
893.56	958.34	4	4	11	4
896.29	1028.74	9	6	43	4
895.81	981.50	5	5	17	4
899.77	626.91	7	8	38	4
898.83	841.43	5	5	10	4
898.82	962.05	5	5	11	4
899.75	691.42	4	6	12	4
902.32	295.16	5	4	14	4
904.59	444.14	4	11	24	4
906.44	1006.75	6	6	26	4
907.82	462.29	5	19	40	4
907.41	919.83	4	5	12	4
910.41	397.47	6	13	23	4
909.08	417.55	4	9	21	4
910.77	362.93	4	8	21	4
911.51	480.55	4	10	21	4
917.18	207.02	10	11	44	4
912.97	544.00	4	10	26	4
915.29	856.03	4	8	16	4
916.91	1093.95	5	8	14	4
917.40	351.31	4	4	10	4
918.54	664.80	4	12	29	4
923.56	1084.02	12	14	46	4
922.42	547.87	5	9	23	4
923.54	236.49	6	6	27	4
922.23	349.55	4	4	9	4
923.35	475.36	4	8	23	4
925.08	740.16	7	16	52	4
926.15	334.48	4	4	8	4
927.37	435.44	4	6	13	4
930.46	980.14	10	4	25	4
929.42	368.81	5	4	13	4
929.13	414.81	5	13	24	4
930.49	351.20	6	5	17	4
929.92	1098.24	5	5	13	4
931.73	379.63	6	9	27	4
932.19	279.05	5	10	26	4
932.03	323.22	5	6	20	4
932.60	269.67	5	7	16	4
934.26	208.66	6	5	19	4
937.52	1068.35	4	9	27	4
940.39	539.21	8	19	88	4
938.47	1006.36	5	4	14	4
941.46	485.68	7	8	33	4
943.20	710.14	12	17	55	4
943.19	498.84	9	15	72	4
941.16	627.80	4	17	30	4
941.78	641.35	5	8	19	4
941.64	805.47	5	4	13	4
944.78	212.77	10	10	39	4
942.21	658.27	4	8	16	4
943.11	981.64	6	4	16	4
945.87	647.31	4	5	9	4
946.19	1061.82	4	7	21	4
948.59	482.95	5	8	25	4
950.81	598.07	6	8	27	4
949.51	635.28	4	7	16	4
951.61	299.02	8	10	35	4
951.80	992.07	7	4	17	4
953.08	327.99	7	6	24	4
951.81	560.21	4	4	13	4
955.17	244.77	8	6	18	4
952.68	281.03	5	7	17	4
952.95	288.79	5	7	19	4
951.80	316.20	4	6	13	4
953.59	334.43	5	7	20	4
954.17	509.02	10	16	48	4
954.37	270.32	5	5	18	4
954.02	629.10	5	10	22	4
954.79	259.84	5	14	55	4
956.74	528.88	7	19	61	4
955.70	549.68	5	17	63	4
957.49	479.86	6	11	43	4
956.61	674.63	4	4	13	4
956.40	681.26	4	6	18	4
960.10	494.57	7	13	44	4
958.93	1038.92	6	7	29	4
958.53	1051.68	6	4	18	4
960.26	436.80	7	11	45	4
960.92	405.36	6	9	34	4
959.65	424.27	5	10	27	4
962.32	414.08	8	5	22	4
960.34	563.95	4	9	31	4
963.82	355.43	9	14	75	4
961.11	628.51	4	6	15	4
964.38	327.58	5	5	17	4
963.97	941.58	4	8	19	4
965.16	549.87	6	15	60	4
965.14	921.00	5	9	31	4
965.49	850.48	4	8	20	4
966.69	838.14	5	13	46	4
968.59	262.24	5	5	18	4
968.70	269.82	6	4	12	4
968.59	478.16	7	8	30	4
968.07	522.15	5	14	35	4
967.60	811.52	5	11	35	4
968.70	536.23	4	9	29	4
971.91	632.54	5	11	31	4
976.55	555.45	6	10	38	4
975.52	566.10	4	9	17	4
987.37	201.38	8	4	25	4
