50.53	443.68	3	8	13	0
69.72	1034.66	17	11	67	0
66.01	1096.02	7	8	38	0
64.81	1052.90	3	5	10	0
72.56	938.57	7	8	31	0
71.85	966.77	4	12	29	0
71.24	983.80	3	8	17	0
70.90	998.19	3	8	20	0
78.84	1094.25	16	6	55	0
76.49	208.12	7	7	24	0
78.41	1023.64	5	4	10	0
79.24	966.89	3	7	11	0
81.47	561.57	7	4	19	0
84.16	749.99	3	3	7	0
85.26	827.06	3	3	7	0
87.38	1021.71	8	5	23	0
86.01	1036.25	5	4	7	0
85.95	682.44	3	8	21	0
87.61	834.01	3	3	5	0
89.01	575.00	3	3	5	0
91.26	322.48	6	4	13	0
89.98	762.64	3	4	10	0
90.51	1030.63	4	3	6	0
94.10	1092.83	10	4	21	0
92.27	1017.74	4	3	7	0
94.19	835.82	3	3	6	0
95.28	977.86	4	6	20	0
97.30	1032.85	8	6	25	0
96.10	996.38	3	4	9	0
96.85	552.71	3	6	12	0
97.35	1022.67	4	7	21	0
101.59	281.18	4	3	9	0
100.90	512.76	3	4	7	0
103.76	301.40	5	5	20	0
103.03	609.29	3	5	11	0
102.71	830.75	3	6	12	0
104.69	657.77	4	8	16	0
103.88	1065.92	3	5	12	0
106.19	791.77	5	8	33	0
110.01	1035.72	11	16	95	0
106.70	1053.33	5	6	21	0
108.19	906.23	4	3	10	0
108.00	990.17	3	4	8	0
109.42	937.25	4	5	12	0
109.12	953.57	3	5	8	0
110.19	346.00	3	3	7	0
110.08	384.87	3	5	12	0
110.98	737.94	6	15	40	0
110.34	926.25	4	3	8	0
113.70	831.21	5	7	10	0
115.01	234.68	3	4	6	0
114.83	472.60	3	4	6	0
116.00	729.79	4	7	15	0
118.18	490.89	5	11	33	0
119.26	904.03	3	3	4	0
119.99	1032.02	5	6	23	0
120.92	709.26	3	7	13	0
123.06	266.28	4	7	16	0
122.86	398.34	3	4	7	0
123.07	950.83	3	4	10	0
126.45	387.43	5	9	22	0
126.51	1023.82	4	4	10	0
127.01	320.18	3	3	6	0
126.81	843.03	3	7	7	0
128.65	1030.53	5	5	11	0
129.92	681.62	3	8	11	0
133.82	405.11	8	9	40	0
132.82	516.28	4	5	13	0
133.93	638.50	3	4	8	0
138.99	212.11	13	5	33	0
136.24	344.89	3	5	12	0
137.98	321.75	3	3	5	0
139.49	909.49	7	6	20	0
140.07	813.16	4	4	9	0
140.19	698.56	3	9	13	0
142.52	937.29	4	6	17	0
144.61	317.00	5	3	9	0
144.24	577.50	4	4	8	0
143.60	670.69	3	5	7	0
143.54	951.68	3	5	7	0
145.74	540.41	5	12	42	0
146.23	270.16	3	4	8	0
146.23	330.58	4	7	22	0
146.33	475.07	4	5	15	0
147.01	789.46	3	4	8	0
147.71	927.92	5	4	12	0
148.05	513.10	3	5	12	0
152.18	936.61	11	4	21	0
149.79	1035.72	4	5	9	0
153.63	489.07	10	12	42	0
152.25	280.67	3	6	13	0
152.27	886.13	3	6	7	0
153.25	346.74	3	4	7	0
152.94	500.48	3	4	8	0
155.77	1096.57	6	4	18	0
154.98	547.98	3	3	3	0
155.41	998.11	4	3	8	0
157.31	1038.27	7	5	13	0
158.02	674.04	3	3	7	0
159.73	360.18	3	5	11	0
160.80	924.15	4	6	11	0
160.38	1017.01	3	3	5	0
161.92	317.26	3	3	6	0
162.02	534.31	3	5	6	0
164.09	815.49	5	6	17	0
165.27	879.26	3	4	7	0
166.51	918.34	6	5	13	0
165.22	936.70	4	5	13	0
166.54	1031.19	5	4	12	0
165.86	423.24	3	4	8	0
166.79	297.98	3	3	5	0
168.20	1037.27	5	4	10	0
167.80	656.04	3	3	5	0
170.70	406.31	4	5	13	0
172.79	685.03	9	8	18	0
172.27	894.27	5	5	5	0
171.88	671.75	3	3	6	0
171.99	733.79	3	3	5	0
177.36	937.22	15	4	30	0
172.85	1021.09	5	3	7	0
175.38	926.95	9	3	15	0
176.66	220.21	8	3	18	0
174.26	350.17	4	5	12	0
173.82	659.81	3	3	6	0
178.52	865.83	10	7	29	0
177.99	286.81	7	8	35	0
177.27	902.26	5	4	8	0
177.08	480.10	3	3	6	0
178.04	976.96	3	3	5	0
177.82	1031.15	3	3	6	0
178.67	322.57	3	4	7	0
179.36	653.15	3	4	6	0
180.58	732.17	4	4	11	0
185.71	881.92	10	10	20	0
184.28	250.34	8	6	19	0
182.00	444.99	3	3	7	0
182.88	356.63	3	4	9	0
183.23	424.46	4	4	11	0
183.60	638.39	3	7	11	0
184.35	380.18	4	5	16	0
184.01	472.17	3	4	10	0
184.67	912.35	4	4	9	0
185.99	1037.18	5	6	11	0
187.79	1029.66	6	3	9	0
187.78	435.75	3	3	5	0
188.63	662.18	4	3	6	0
191.76	926.13	13	5	31	0
189.00	451.78	3	4	5	0
188.90	674.27	3	4	10	0
189.90	759.19	3	5	8	0
191.32	241.66	4	5	11	0
191.07	503.25	3	4	10	0
194.56	938.00	12	3	15	0
192.00	609.89	3	3	5	0
193.98	1035.49	5	5	14	0
193.79	292.60	3	4	7	0
197.45	811.70	5	6	18	0
197.76	872.82	6	11	41	0
198.73	672.88	4	3	8	0
199.63	914.18	7	4	12	0
199.33	782.25	3	5	11	0
199.89	1034.41	4	4	10	0
200.17	270.14	3	3	8	0
199.97	863.34	3	3	4	0
202.82	897.42	7	5	14	0
200.23	1019.56	3	3	5	0
201.16	950.98	3	3	6	0
201.75	327.26	3	3	7	0
202.53	850.77	4	5	10	0
204.43	791.64	6	4	14	0
203.78	1036.49	3	4	8	0
207.05	941.96	7	3	12	0
205.01	1080.31	3	3	7	0
207.21	366.98	3	3	6	0
208.80	369.82	3	3	5	0
208.76	440.21	3	3	5	0
210.22	870.77	5	4	12	0
210.12	300.17	3	3	6	0
209.99	432.51	3	4	6	0
210.49	1026.27	4	3	6	0
210.79	400.56	3	4	6	0
212.25	820.00	6	5	19	0
211.16	927.00	4	3	6	0
211.33	985.83	3	3	6	0
216.49	221.98	14	3	27	0
211.94	836.70	3	3	7	0
213.00	1034.33	5	3	9	0
216.89	903.60	9	5	17	0
224.83	927.14	17	5	29	0
217.22	1020.99	3	3	8	0
218.45	877.42	4	6	16	0
220.79	949.37	8	4	16	0
222.41	898.45	7	4	11	0
220.38	911.98	4	3	6	0
220.67	935.41	5	5	8	0
221.09	706.09	3	3	3	0
225.44	798.88	9	5	24	0
222.71	895.40	5	4	7	0
222.91	666.23	3	4	9	0
224.28	1064.01	6	3	15	0
224.58	1002.73	4	3	7	0
224.94	1032.03	5	3	7	0
225.09	482.72	3	3	6	0
227.13	862.05	5	5	15	0
227.60	411.04	4	11	20	0
227.52	847.82	4	3	8	0
227.59	962.36	5	3	11	0
230.14	221.75	8	3	14	0
228.60	1096.14	4	3	8	0
230.42	584.46	3	4	9	0
231.49	398.95	4	3	8	0
232.51	372.31	4	4	8	0
232.87	489.20	5	6	13	0
233.57	890.23	6	5	13	0
233.14	482.92	3	5	12	0
234.35	896.53	6	4	13	0
234.80	247.03	5	6	15	0
234.71	380.89	4	5	12	0
235.67	1020.82	4	5	13	0
238.97	691.22	9	3	14	0
239.11	881.16	8	7	12	0
238.52	939.28	10	7	19	0
238.24	909.52	5	4	6	0
238.88	921.68	7	6	20	0
237.29	1000.13	4	3	8	0
240.74	779.36	7	6	29	0
241.65	719.35	6	8	25	0
240.40	959.99	4	3	10	0
246.22	897.50	9	4	22	0
245.05	914.87	7	4	11	0
243.93	769.90	3	3	6	0
245.73	804.89	4	3	8	0
248.34	1037.01	8	3	15	0
249.39	925.09	11	5	29	0
246.56	1023.00	4	3	10	0
247.18	278.80	3	3	6	0
248.35	858.43	5	5	14	0
247.92	1065.83	5	4	13	0
248.15	770.67	4	4	11	0
249.22	1002.29	5	3	8	0
247.81	1032.37	3	3	6	0
249.26	467.74	3	3	4	0
249.34	865.75	4	3	5	0
249.52	1006.91	4	3	10	0
249.73	362.52	3	3	6	0
253.04	1024.57	7	3	14	0
251.99	1092.83	3	3	5	0
253.32	426.67	3	4	8	0
254.20	823.02	5	5	13	0
253.90	386.86	3	3	6	0
253.97	867.97	3	3	3	0
255.65	779.06	4	4	10	0
255.76	893.44	4	4	6	0
256.26	853.02	3	3	4	0
256.97	909.98	5	3	7	0
256.05	919.15	4	3	9	0
256.97	488.54	3	4	8	0
258.32	797.06	4	3	9	0
259.48	508.97	4	3	7	0
260.61	246.89	4	5	15	0
260.64	258.94	4	4	12	0
259.75	267.22	3	5	11	0
260.04	380.12	3	3	7	0
260.93	1024.25	4	3	7	0
260.79	252.90	3	5	8	0
261.14	1001.90	3	3	6	0
263.55	603.42	4	4	13	0
263.10	1087.83	3	3	6	0
264.48	544.44	4	4	15	0
263.71	768.14	3	3	7	0
269.81	926.61	13	6	33	0
267.01	288.92	6	3	16	0
265.57	1010.25	5	3	12	0
267.07	355.08	3	3	7	0
267.58	566.84	4	3	6	0
266.91	1025.93	3	3	4	0
267.33	1038.15	3	3	6	0
267.70	422.72	3	5	7	0
269.23	945.80	5	3	6	0
269.46	276.59	4	4	12	0
270.73	280.86	3	3	6	0
273.16	1034.85	8	10	30	0
273.35	1007.31	6	4	15	0
272.83	731.86	4	7	13	0
276.03	851.00	8	8	22	0
275.90	374.25	3	3	5	0
276.51	973.90	4	3	9	0
276.99	320.38	3	3	7	0
284.27	1021.78	17	5	37	0
279.42	300.13	3	5	9	0
279.24	308.89	3	5	7	0
278.83	805.29	3	3	6	0
279.53	827.18	4	3	5	0
280.01	628.23	3	3	5	0
280.46	770.78	3	3	6	0
281.85	881.46	6	4	11	0
282.98	367.11	3	3	7	0
282.87	757.55	3	4	6	0
284.01	1007.38	5	4	10	0
284.57	264.11	4	5	13	0
283.83	745.29	3	3	7	0
285.06	732.20	3	5	12	0
286.03	549.97	3	3	3	0
287.04	335.89	3	5	10	0
287.06	588.86	3	3	8	0
287.02	801.25	3	3	4	0
288.73	273.24	5	4	15	0
288.02	313.85	3	4	8	0
287.88	658.37	3	5	11	0
294.66	222.73	17	5	46	0
288.69	360.61	3	3	6	0
290.86	431.70	5	3	12	0
291.17	436.12	5	3	14	0
296.20	596.90	14	3	39	0
292.65	870.13	9	5	30	0
293.41	884.04	10	5	21	0
293.33	812.48	7	7	17	0
291.65	420.92	3	3	7	0
291.86	444.20	3	3	6	0
292.51	639.40	4	4	8	0
294.31	238.28	5	5	15	0
294.42	342.42	5	5	16	0
294.26	1030.99	5	3	11	0
303.02	1073.51	17	8	40	0
293.87	704.83	3	5	12	0
294.77	647.16	3	3	7	0
294.90	652.26	3	4	9	0
295.92	490.38	3	4	9	0
297.76	747.83	3	3	6	0
299.45	1022.26	6	7	19	0
299.18	280.71	3	5	6	0
298.97	681.97	3	3	3	0
299.51	740.23	4	5	14	0
301.73	899.60	7	4	17	0
301.96	1037.29	5	3	9	0
302.93	254.83	6	8	22	0
301.90	300.02	3	3	7	0
301.61	453.07	3	5	6	0
303.45	274.39	4	4	10	0
302.84	387.97	3	3	8	0
305.03	641.99	6	4	10	0
304.87	1012.66	3	3	6	0
306.36	440.90	3	3	7	0
307.24	761.02	3	3	4	0
307.50	802.21	4	3	6	0
311.66	1063.19	11	5	28	0
311.92	905.33	9	4	14	0
313.21	277.20	5	6	13	0
313.00	1024.71	5	4	13	0
319.68	1032.47	15	5	28	0
313.33	1068.16	4	3	6	0
314.37	372.64	4	3	7	0
313.74	405.22	3	3	6	0
314.45	658.85	4	4	5	0
314.82	675.31	4	4	12	0
314.79	859.51	5	5	14	0
315.85	429.05	5	3	14	0
316.78	436.60	5	6	16	0
316.01	729.71	3	4	6	0
320.45	896.78	11	5	24	0
317.16	530.73	3	3	6	0
317.73	1016.27	4	3	8	0
316.99	1096.02	3	3	7	0
318.27	337.11	4	6	11	0
318.44	839.08	4	5	11	0
321.39	1074.27	7	4	16	0
320.02	235.97	3	3	7	0
320.01	667.25	3	3	5	0
327.75	1067.90	18	5	35	0
320.81	489.51	3	4	8	0
322.94	277.09	3	3	7	0
326.03	884.51	9	8	12	0
323.37	1025.84	3	4	9	0
324.54	755.36	4	5	10	0
326.62	893.06	8	5	15	0
325.19	438.38	4	3	8	0
326.80	783.53	4	7	21	0
327.36	605.39	4	4	12	0
327.50	696.98	4	5	14	0
329.35	1023.35	7	4	15	0
328.90	272.13	4	5	13	0
327.82	731.66	3	3	6	0
328.79	854.11	5	5	10	0
328.16	871.78	3	3	5	0
329.80	223.19	5	4	15	0
330.27	419.34	5	3	6	0
330.23	1036.53	4	4	8	0
331.12	502.58	3	4	7	0
331.20	593.14	3	3	5	0
332.41	297.96	3	5	9	0
332.71	1008.46	4	4	9	0
332.97	1031.79	5	6	16	0
333.04	425.69	4	3	9	0
332.94	430.04	3	3	5	0
334.07	580.93	3	3	3	0
334.11	850.71	4	3	9	0
336.95	874.25	8	5	12	0
335.00	382.35	3	4	8	0
334.61	446.63	3	3	6	0
335.10	760.13	3	3	8	0
335.45	1015.57	4	3	9	0
335.16	1096.19	3	3	6	0
336.11	290.65	3	6	10	0
337.74	283.96	3	5	10	0
341.14	904.14	7	4	9	0
342.10	626.16	5	6	16	0
342.84	865.14	6	5	10	0
344.24	1064.91	10	5	23	0
341.86	1081.41	4	3	7	0
342.95	849.99	5	5	13	0
343.85	1020.50	7	9	25	0
343.71	761.76	5	3	11	0
344.66	778.49	6	4	14	0
343.63	927.72	5	3	11	0
344.32	756.76	4	4	13	0
344.54	893.16	4	3	5	0
344.84	450.11	3	7	12	0
346.44	484.12	5	4	10	0
346.59	614.66	6	4	14	0
345.30	842.28	3	4	9	0
347.11	330.26	3	6	11	0
347.49	649.44	4	4	8	0
346.84	834.98	3	5	13	0
349.46	890.38	8	5	17	0
348.59	348.31	4	4	11	0
350.07	222.41	5	10	27	0
349.99	278.07	5	9	30	0
350.94	1096.33	7	3	16	0
352.11	556.86	5	3	6	0
357.27	1034.67	18	9	56	0
351.61	339.35	3	4	10	0
353.80	332.97	3	3	7	0
354.60	799.72	4	5	12	0
356.43	631.98	6	3	12	0
356.16	656.06	5	6	14	0
355.12	846.15	3	4	7	0
358.54	234.76	4	4	12	0
360.38	623.50	6	3	10	0
359.86	860.21	4	5	12	0
360.91	882.86	8	6	15	0
359.87	1025.08	4	3	7	0
359.77	467.37	3	6	14	0
360.00	513.18	3	3	6	0
360.21	927.00	3	3	5	0
361.66	286.90	4	4	11	0
362.48	609.72	5	3	11	0
361.94	660.83	5	3	6	0
364.29	222.92	7	5	22	0
362.32	1013.12	4	3	7	0
370.29	214.74	15	4	24	0
363.98	295.19	3	4	10	0
365.04	581.14	5	5	14	0
363.92	835.62	3	6	9	0
372.30	1032.16	14	4	25	0
367.38	856.06	3	5	6	0
367.92	539.31	3	3	4	0
370.82	1096.70	9	6	27	0
369.83	416.06	5	3	10	0
368.86	714.27	3	3	7	0
370.91	888.55	7	4	15	0
370.34	906.43	6	4	11	0
370.69	1011.21	6	3	12	0
371.00	550.56	5	6	15	0
371.69	590.68	4	5	9	0
372.10	374.76	3	3	6	0
371.98	576.31	3	4	9	0
371.82	662.82	3	5	6	0
372.49	727.31	3	4	6	0
374.77	279.56	6	4	12	0
375.50	367.43	8	6	26	0
373.05	477.70	4	9	21	0
372.65	694.27	3	3	6	0
374.46	985.82	7	3	10	0
373.91	353.67	3	6	11	0
374.09	898.73	3	3	5	0
376.10	263.11	5	3	8	0
376.02	228.25	3	3	4	0
375.82	416.94	3	3	4	0
376.90	613.31	5	3	10	0
376.85	836.09	4	7	15	0
378.62	929.23	10	5	25	0
377.01	1020.15	3	3	6	0
377.87	439.28	3	5	11	0
378.55	1036.98	4	3	6	0
379.93	456.02	5	5	17	0
379.84	1067.90	4	4	11	0
385.65	1083.25	18	5	60	0
379.74	535.75	3	4	8	0
381.56	1096.26	7	4	17	0
384.11	911.53	9	6	18	0
382.19	850.11	3	5	6	0
387.48	1035.44	14	7	41	0
384.01	559.84	5	8	16	0
384.19	1054.83	5	3	10	0
384.54	1075.02	7	3	16	0
384.00	541.91	3	3	7	0
383.99	577.06	3	3	7	0
383.98	616.52	3	4	4	0
385.11	623.00	4	3	6	0
385.32	873.19	4	3	9	0
386.59	525.36	4	4	11	0
385.85	531.73	3	3	5	0
391.37	1022.14	14	6	33	0
388.50	1065.97	6	3	14	0
388.02	833.71	3	3	4	0
392.46	927.39	12	6	30	0
388.97	676.97	3	3	5	0
388.59	756.04	3	3	6	0
391.23	467.18	3	3	5	0
391.31	784.26	3	3	5	0
396.58	938.63	10	4	21	0
394.03	807.99	3	3	5	0
396.14	1018.22	7	3	9	0
396.45	1066.86	7	4	15	0
395.37	502.12	3	4	5	0
395.16	856.98	3	5	11	0
397.35	953.20	8	4	17	0
398.36	1000.72	9	3	17	0
397.52	481.28	4	3	7	0
398.50	912.36	6	4	11	0
402.92	1032.34	14	15	96	0
397.94	467.77	3	4	7	0
398.38	538.47	4	4	7	0
402.91	1049.03	13	5	48	0
400.30	860.84	5	4	10	0
400.24	782.84	4	3	7	0
400.49	821.09	4	3	6	0
403.12	1062.68	9	4	21	0
402.61	1076.86	8	5	30	0
402.73	788.98	4	3	8	0
404.93	925.92	9	5	25	0
403.04	341.03	3	3	7	0
403.77	600.16	5	4	14	0
404.03	850.52	6	7	20	0
405.70	729.63	5	7	14	0
405.12	838.83	3	3	6	0
406.13	517.65	3	3	7	0
407.38	538.23	5	3	10	0
406.55	655.88	4	3	9	0
408.38	496.97	4	3	5	0
416.91	939.47	19	6	39	0
408.73	343.33	3	4	7	0
408.98	572.87	3	3	6	0
410.13	699.05	5	5	15	0
411.62	244.20	5	5	17	0
415.59	1033.81	17	6	36	0
409.97	1044.29	3	3	7	0
414.77	1054.96	13	5	40	0
412.74	1082.43	11	8	35	0
410.99	397.66	3	4	8	0
411.23	560.21	3	3	5	0
411.21	630.18	3	3	5	0
411.55	747.31	4	3	6	0
411.95	825.99	3	3	7	0
415.90	1069.14	12	4	17	0
413.12	873.12	4	5	9	0
413.02	924.02	3	3	3	0
414.07	765.90	3	3	5	0
414.99	498.76	3	3	4	0
414.88	557.06	3	3	9	0
418.97	892.19	8	7	19	0
417.74	1014.81	4	3	9	0
418.49	697.00	4	3	8	0
419.18	1021.74	5	4	10	0
419.85	1076.15	6	6	21	0
419.74	267.27	5	6	20	0
420.81	739.04	4	3	10	0
420.90	764.46	5	4	13	0
421.78	917.00	4	3	5	0
421.81	946.86	5	3	7	0
422.27	732.41	4	3	8	0
423.32	872.10	5	3	10	0
423.22	680.30	4	4	13	0
423.52	724.95	4	3	8	0
422.68	746.44	3	4	7	0
424.97	520.02	5	3	7	0
424.84	279.68	3	5	9	0
425.63	301.41	4	5	7	0
425.94	779.42	5	4	13	0
428.82	1031.77	9	4	17	0
426.19	315.81	3	7	13	0
425.93	421.72	3	4	7	0
425.94	830.96	3	3	9	0
428.85	620.86	5	3	7	0
428.57	766.27	4	4	10	0
430.56	883.13	6	3	9	0
431.13	279.24	5	9	18	0
430.95	573.75	4	4	11	0
430.77	921.74	5	4	13	0
432.15	659.14	5	3	10	0
432.24	556.15	4	4	10	0
431.80	1020.84	3	3	8	0
434.30	1034.73	7	3	11	0
433.60	490.56	4	4	9	0
433.14	735.69	3	3	7	0
435.46	638.09	6	3	9	0
436.57	1085.22	8	4	19	0
435.73	707.64	4	3	9	0
437.40	939.62	8	4	11	0
436.77	931.34	5	3	9	0
439.12	1096.48	13	7	35	0
437.23	280.38	3	4	5	0
437.20	327.36	3	4	6	0
437.75	518.82	5	3	10	0
437.92	301.17	3	8	13	0
439.27	867.99	5	3	9	0
439.12	525.64	4	4	6	0
438.81	701.00	3	3	5	0
440.65	795.03	4	3	9	0
440.83	529.61	3	4	6	0
444.06	940.11	8	3	10	0
443.39	250.42	3	3	5	0
444.21	453.85	5	3	7	0
443.05	831.79	3	3	5	0
447.13	1034.97	11	4	18	0
444.60	732.95	3	3	6	0
449.12	653.27	5	3	7	0
447.96	722.99	3	3	5	0
450.34	521.04	6	5	18	0
449.00	680.74	3	5	9	0
451.14	297.76	4	5	12	0
451.04	526.41	5	4	14	0
451.27	331.15	4	3	6	0
451.30	875.68	4	4	12	0
451.09	1024.62	3	4	7	0
454.98	1099.20	10	4	19	0
452.69	1078.94	4	5	14	0
452.85	467.92	3	3	4	0
452.79	937.99	3	3	5	0
454.76	867.28	5	3	7	0
455.82	920.05	6	5	15	0
455.60	881.28	4	4	12	0
456.21	276.04	3	3	6	0
455.86	284.92	3	3	7	0
456.85	1035.86	5	3	7	0
457.35	591.66	3	3	6	0
458.53	1080.22	5	3	9	0
459.47	523.04	4	3	4	0
459.27	525.86	4	3	6	0
460.99	933.00	7	3	11	0
461.38	1016.86	5	4	12	0
462.35	251.78	5	5	10	0
460.99	463.26	3	4	8	0
461.04	921.91	3	3	6	0
462.36	345.12	5	3	9	0
462.21	475.84	3	3	7	0
462.98	852.49	4	5	10	0
463.15	531.75	3	3	5	0
463.50	802.00	4	3	8	0
463.37	1050.15	3	3	6	0
465.10	259.97	5	7	17	0
464.96	1080.21	5	6	20	0
465.09	730.71	3	4	9	0
466.36	904.16	6	3	12	0
469.10	214.25	10	4	30	0
466.61	607.22	4	3	8	0
467.06	367.27	3	5	12	0
467.86	480.34	5	4	10	0
467.01	1038.80	3	3	5	0
468.27	666.15	4	3	8	0
468.96	707.01	4	3	7	0
469.61	785.58	5	4	17	0
469.63	790.87	5	5	18	0
469.74	953.95	4	3	8	0
470.55	1040.02	4	3	6	0
470.98	406.49	3	4	8	0
472.01	598.10	5	3	10	0
471.34	1079.86	4	3	8	0
472.04	281.42	3	4	9	0
472.26	289.83	3	3	7	0
472.66	891.58	4	4	9	0
473.51	898.17	6	3	10	0
473.34	223.76	4	4	9	0
473.62	756.83	4	4	10	0
474.04	918.00	5	3	11	0
474.24	880.99	3	3	4	0
479.04	954.17	12	7	26	0
475.33	1062.30	6	4	12	0
475.55	739.28	4	5	13	0
475.53	904.68	4	4	10	0
476.95	408.68	3	4	8	0
477.67	499.88	4	3	9	0
477.02	692.31	4	4	9	0
478.96	1016.18	7	3	13	0
477.22	1025.52	4	5	11	0
480.13	667.12	5	3	8	0
481.18	505.85	3	3	6	0
484.20	610.50	8	3	12	0
482.06	892.02	5	3	7	0
482.77	999.70	8	4	16	0
484.65	697.00	3	3	5	0
486.20	291.70	3	3	4	0
486.42	358.30	4	4	12	0
486.54	363.25	4	4	14	0
487.31	935.74	6	3	8	0
489.97	979.42	10	4	21	0
487.32	469.31	4	3	8	0
487.94	562.82	5	3	13	0
490.95	1039.10	10	3	13	0
495.30	1024.40	16	4	35	0
488.25	1028.95	3	3	7	0
487.81	1057.24	3	3	6	0
493.09	525.57	12	8	41	0
489.18	626.88	3	3	8	0
490.84	385.01	3	3	6	0
492.16	834.80	3	3	5	0
496.82	1073.02	11	5	27	0
494.57	366.36	4	4	10	0
493.77	459.70	3	3	5	0
493.77	532.16	3	3	5	0
494.89	714.25	5	10	31	0
495.19	803.09	3	3	7	0
498.26	949.05	8	3	10	0
497.74	296.64	5	8	19	0
501.67	1038.95	9	3	16	0
499.71	1099.42	5	3	10	0
501.67	224.09	7	5	26	0
500.04	346.80	3	3	6	0
502.82	914.18	7	3	12	0
501.74	253.21	3	3	4	0
506.96	286.45	10	4	20	0
505.40	762.75	6	12	51	0
504.72	830.26	3	3	5	0
505.97	333.96	3	3	7	0
510.47	1099.07	11	4	26	0
507.44	1072.59	4	4	7	0
510.48	722.70	6	9	23	0
509.65	732.70	4	4	13	0
513.04	1023.55	10	4	25	0
510.19	457.56	4	4	10	0
510.65	795.17	4	3	9	0
510.32	971.17	4	3	6	0
511.07	576.33	4	4	12	0
513.30	1013.75	8	5	28	0
513.24	1039.94	7	5	25	0
514.47	997.99	8	6	23	0
514.22	1004.91	6	5	20	0
513.44	1073.09	6	3	9	0
514.53	962.53	6	4	12	0
515.51	1034.58	8	4	17	0
514.73	566.13	4	3	8	0
518.35	265.99	9	5	15	0
518.34	271.08	7	4	15	0
516.42	583.96	4	3	10	0
516.48	876.33	4	4	9	0
517.50	474.18	4	3	9	0
517.53	612.00	4	3	8	0
518.03	920.52	5	4	8	0
519.17	771.61	3	4	7	0
521.16	593.30	5	3	10	0
524.06	1074.22	13	8	38	0
522.86	1022.99	6	3	14	0
522.26	825.57	3	4	8	0
522.15	1081.52	4	5	14	0
523.41	979.11	4	3	9	0
527.63	1063.56	13	6	44	0
524.16	315.81	3	3	6	0
524.31	335.71	4	3	8	0
524.75	515.54	4	4	7	0
524.70	578.01	4	3	7	0
524.84	906.08	5	3	8	0
525.05	476.95	3	3	3	0
524.72	799.78	3	4	7	0
532.49	1097.48	17	5	46	0
527.59	952.19	7	5	22	0
527.16	253.42	3	4	9	0
530.48	974.88	10	4	16	0
531.37	1036.03	11	9	38	0
527.98	579.99	3	3	5	0
530.08	610.95	6	3	10	0
527.90	706.34	3	3	6	0
528.61	1080.52	4	4	11	0
528.76	868.01	3	3	4	0
531.50	482.83	4	6	15	0
538.82	928.76	18	6	31	0
531.65	1015.98	4	3	6	0
533.18	1024.50	7	4	14	0
531.70	324.37	3	3	6	0
536.43	1072.37	8	5	16	0
533.76	1079.00	3	3	4	0
536.89	446.67	6	4	10	0
536.93	709.47	5	6	12	0
538.18	1086.75	7	4	21	0
537.47	365.96	4	3	7	0
536.96	1065.86	3	3	6	0
538.65	528.81	4	3	7	0
538.74	420.08	3	3	7	0
538.86	797.97	3	3	6	0
539.00	843.53	3	4	6	0
541.08	889.96	3	3	8	0
541.00	1077.47	3	4	10	0
542.90	903.51	5	4	9	0
541.72	1058.78	3	3	5	0
543.26	783.01	3	4	9	0
543.35	916.33	4	4	6	0
543.86	1035.60	5	3	8	0
543.64	361.02	3	3	7	0
544.10	426.82	3	3	6	0
544.77	548.98	4	5	15	0
549.09	1098.84	13	4	43	0
545.03	713.06	3	3	5	0
545.57	719.39	4	6	17	0
545.63	772.73	4	5	12	0
545.46	852.04	4	5	15	0
548.01	951.59	8	4	14	0
546.53	1071.98	5	3	10	0
547.58	480.01	4	3	5	0
547.81	504.12	3	3	6	0
548.67	1022.34	4	4	6	0
555.01	1064.92	15	6	43	0
555.62	1076.05	15	6	43	0
550.77	434.03	4	4	10	0
550.26	813.84	3	3	7	0
550.77	943.01	3	3	4	0
555.62	248.41	9	4	17	0
554.04	880.89	6	5	15	0
552.87	887.86	3	3	7	0
556.49	926.67	8	3	15	0
555.89	478.62	5	3	11	0
557.04	654.15	3	3	6	0
565.66	928.95	17	5	39	0
559.93	984.11	9	5	20	0
558.31	1023.35	3	3	6	0
559.49	469.02	4	3	10	0
563.27	940.45	9	4	20	0
559.98	1099.04	3	3	9	0
561.03	494.00	3	3	5	0
562.25	326.00	3	3	4	0
562.68	481.06	5	3	12	0
563.46	460.88	4	3	9	0
562.80	791.70	3	7	10	0
564.22	951.18	5	3	6	0
564.42	407.79	3	5	9	0
566.17	855.07	5	5	12	0
565.64	834.67	3	4	7	0
568.19	1039.70	7	3	9	0
567.91	688.01	5	5	9	0
567.01	777.77	3	3	4	0
569.51	893.17	6	5	17	0
567.59	1074.43	3	4	7	0
569.42	844.22	4	5	10	0
569.70	955.96	4	3	7	0
570.35	813.05	4	3	8	0
571.65	345.25	4	3	5	0
572.07	1024.32	5	3	7	0
571.76	1048.83	3	3	5	0
572.17	1077.21	4	4	11	0
572.64	415.04	3	3	7	0
573.27	906.45	3	4	7	0
573.40	910.80	4	3	5	0
574.89	1069.24	5	3	9	0
577.09	299.99	8	6	15	0
575.01	364.90	3	4	8	0
576.21	322.38	3	4	6	0
575.89	778.07	3	3	6	0
576.82	755.56	3	4	5	0
578.10	884.38	5	6	13	0
578.98	536.02	3	3	3	0
582.11	942.48	9	7	38	0
580.75	994.03	8	3	15	0
580.91	509.92	6	5	15	0
579.68	851.63	3	4	7	0
587.36	928.48	15	12	57	0
582.77	975.68	8	3	10	0
580.13	1021.29	4	4	11	0
581.96	1049.96	3	3	4	0
584.05	323.33	4	4	13	0
583.12	384.44	3	4	8	0
582.74	1044.71	3	3	5	0
585.28	341.78	3	3	5	0
585.20	662.88	3	3	7	0
586.76	918.03	6	5	13	0
586.42	358.07	3	3	7	0
585.93	373.24	3	3	8	0
586.94	310.16	3	3	8	0
588.12	517.88	5	3	12	0
587.19	778.60	3	4	5	0
587.61	863.04	4	4	7	0
587.88	348.63	3	3	7	0
588.10	815.23	3	4	7	0
588.13	1018.55	3	3	5	0
588.86	856.48	3	4	10	0
590.47	972.72	6	3	10	0
591.37	335.22	6	4	11	0
590.29	622.86	4	3	7	0
590.61	847.63	4	6	7	0
591.84	894.03	7	7	10	0
591.00	376.60	3	4	8	0
591.77	527.72	4	3	8	0
591.28	639.08	3	3	5	0
598.14	1097.08	15	5	36	0
597.56	1031.58	11	4	22	0
595.00	319.27	3	3	4	0
596.09	1020.52	6	6	12	0
596.00	746.05	3	3	5	0
596.43	1058.74	4	3	7	0
598.25	431.58	3	3	7	0
600.57	919.97	7	8	20	0
602.11	927.82	9	6	19	0
599.98	292.21	3	3	4	0
600.08	392.28	3	3	7	0
601.52	876.03	6	5	10	0
599.61	1048.79	3	4	8	0
600.77	322.10	3	3	8	0
601.37	520.85	4	3	8	0
603.82	241.18	5	3	12	0
603.22	600.02	3	3	4	0
602.92	971.92	3	3	3	0
609.12	1078.88	18	6	64	0
607.08	469.09	6	3	9	0
613.04	1032.27	18	5	52	0
606.69	433.72	4	4	11	0
606.49	1017.24	4	5	13	0
607.37	757.79	4	5	11	0
610.20	983.14	10	4	17	0
614.21	222.95	16	6	57	0
609.16	746.22	3	3	6	0
609.92	844.81	3	4	8	0
611.75	911.02	5	6	11	0
612.57	518.01	4	3	7	0
613.90	241.07	6	3	11	0
613.55	364.80	4	3	7	0
612.98	561.35	3	5	11	0
613.70	663.31	3	4	7	0
614.81	829.00	4	5	12	0
616.15	909.57	8	11	22	0
615.19	451.10	4	3	8	0
616.03	855.36	4	5	10	0
616.22	555.15	3	3	5	0
617.49	529.27	3	3	6	0
618.35	268.35	3	4	6	0
618.28	503.22	3	5	11	0
618.08	1021.99	3	4	8	0
618.92	892.34	4	5	11	0
620.58	478.99	4	3	10	0
621.41	683.68	4	4	11	0
621.33	973.18	4	3	6	0
624.49	270.53	8	4	17	0
622.03	608.58	3	4	10	0
622.73	904.67	5	5	13	0
625.80	951.82	9	4	14	0
622.99	961.80	5	3	5	0
623.91	528.70	4	6	14	0
624.67	1040.96	4	3	7	0
624.01	1080.31	3	5	7	0
625.14	1031.18	3	3	6	0
625.67	824.44	3	4	8	0
627.28	1019.26	5	3	9	0
629.36	466.16	6	3	10	0
627.27	591.75	4	5	11	0
629.13	308.72	3	4	6	0
629.07	896.82	3	6	13	0
632.17	393.82	5	4	10	0
629.90	614.11	3	3	6	0
632.97	1032.90	9	3	17	0
631.78	797.69	5	8	18	0
631.91	936.80	5	4	13	0
632.89	922.61	5	4	7	0
632.50	942.48	4	4	14	0
632.49	954.03	4	3	10	0
632.59	1026.37	4	3	9	0
633.05	330.22	4	5	11	0
633.30	526.71	4	3	7	0
633.48	810.71	3	5	10	0
635.16	1079.12	8	5	16	0
634.01	401.94	3	3	5	0
634.59	564.49	5	7	12	0
635.03	336.97	3	3	5	0
635.79	272.20	3	3	5	0
636.75	597.00	4	3	9	0
636.08	891.84	3	3	6	0
635.85	901.24	3	3	5	0
637.16	601.00	4	3	8	0
637.02	836.26	3	3	4	0
643.03	928.93	13	5	34	0
638.08	807.64	4	5	12	0
640.40	898.71	6	5	20	0
640.09	1046.09	5	5	11	0
639.67	324.22	3	5	9	0
640.75	487.46	4	4	12	0
640.65	333.56	3	4	7	0
644.28	1051.49	10	5	18	0
644.52	1031.69	7	7	25	0
642.76	295.98	3	3	7	0
642.91	646.34	3	4	7	0
648.41	224.40	11	4	24	0
644.45	875.81	4	5	9	0
646.51	950.15	8	3	14	0
645.17	1011.10	5	3	7	0
645.84	538.37	4	4	5	0
645.75	589.82	3	3	5	0
646.36	852.12	3	4	8	0
648.10	807.36	4	4	13	0
646.99	838.33	3	4	8	0
651.83	960.38	11	5	26	0
652.11	972.03	11	4	14	0
653.71	387.34	8	7	24	0
652.20	872.19	5	5	12	0
652.48	1030.85	5	4	11	0
652.13	363.13	3	3	6	0
652.01	458.56	3	3	5	0
655.97	1053.66	12	5	26	0
653.54	344.02	4	3	4	0
654.57	393.05	6	3	15	0
653.15	705.91	3	3	6	0
653.70	1022.91	4	3	9	0
654.04	820.44	3	9	17	0
654.89	923.78	5	3	9	0
659.68	987.58	14	4	30	0
655.48	882.04	4	3	6	0
655.97	698.95	3	3	5	0
656.74	715.06	4	3	10	0
656.46	917.49	4	4	10	0
658.35	334.39	5	3	10	0
659.24	405.62	7	4	18	0
659.23	411.88	7	3	17	0
664.50	1043.64	18	6	30	0
664.04	279.40	13	8	27	0
658.97	293.83	4	3	9	0
659.28	435.55	3	5	9	0
664.42	226.47	11	6	22	0
661.18	927.45	7	4	13	0
660.49	1026.20	4	3	6	0
662.28	484.04	5	3	8	0
668.53	217.28	15	6	36	0
662.32	320.43	4	5	9	0
662.23	1018.01	3	3	4	0
662.86	835.17	3	3	8	0
664.53	301.54	4	6	16	0
665.42	531.13	6	4	18	0
664.69	636.11	4	3	10	0
665.41	547.24	4	3	5	0
665.65	1046.79	5	3	8	0
670.64	269.87	12	11	32	0
667.62	891.85	6	4	11	0
668.46	342.89	4	3	8	0
670.90	883.60	3	4	7	0
672.87	300.12	4	3	9	0
673.89	923.52	7	4	21	0
673.19	984.43	5	4	17	0
672.83	1039.05	3	3	5	0
674.43	1092.86	6	3	10	0
675.25	282.77	5	3	11	0
677.21	501.67	9	5	16	0
674.67	532.97	4	3	6	0
675.34	660.57	4	3	6	0
674.67	766.95	3	3	7	0
677.46	348.87	5	5	11	0
678.77	306.77	6	4	8	0
677.82	868.13	5	3	9	0
677.17	1031.19	3	3	6	0
676.89	1040.13	3	3	5	0
679.54	1048.03	6	5	14	0
679.20	362.27	3	6	9	0
682.57	1082.97	10	4	24	0
682.49	884.91	6	3	11	0
682.00	1042.00	3	3	3	0
682.96	910.81	3	3	6	0
685.66	1036.19	8	5	16	0
685.83	1018.41	6	3	10	0
692.41	1031.12	16	3	23	0
684.95	350.53	3	4	6	0
685.16	1042.83	3	4	7	0
687.47	258.85	5	5	10	0
687.42	779.63	3	3	6	0
688.62	766.43	4	4	9	0
690.36	928.45	8	4	14	0
696.12	1048.97	19	7	53	0
689.83	388.77	5	4	9	0
689.99	732.23	3	3	5	0
691.86	961.69	8	4	19	0
691.71	665.86	4	5	12	0
690.86	757.91	3	3	6	0
692.50	409.06	4	3	8	0
692.26	1038.41	3	4	7	0
692.99	629.01	3	3	5	0
694.41	845.61	6	4	15	0
696.78	1062.69	11	4	24	0
696.13	933.38	7	4	21	0
697.42	1097.18	6	3	13	0
697.39	418.58	5	3	9	0
696.88	450.18	3	3	6	0
697.15	684.04	3	3	9	0
698.26	1067.61	6	3	11	0
697.94	668.03	3	3	4	0
699.86	535.75	5	3	8	0
701.70	504.63	5	4	11	0
699.93	824.02	3	3	5	0
702.66	1023.01	9	7	18	0
700.00	1077.74	3	3	7	0
701.73	718.94	4	3	7	0
702.17	398.10	4	3	6	0
708.79	1038.67	15	4	25	0
705.38	1098.38	7	4	16	0
704.01	351.01	3	3	3	0
704.46	430.90	4	3	7	0
703.84	477.14	3	3	6	0
703.95	882.00	3	3	7	0
704.28	912.45	4	4	10	0
706.06	654.16	3	3	5	0
708.32	293.31	7	3	13	0
708.44	339.25	4	3	7	0
708.27	587.19	3	3	8	0
708.96	655.83	3	3	6	0
714.85	929.33	14	3	21	0
710.98	1065.10	8	3	15	0
712.10	676.87	5	4	13	0
712.08	682.10	5	3	12	0
711.98	831.34	5	4	11	0
718.05	1019.67	14	4	28	0
712.37	399.04	4	3	7	0
717.76	1097.53	14	3	21	0
713.97	275.30	5	4	11	0
713.13	525.01	4	3	6	0
714.45	419.02	4	3	10	0
716.68	339.93	6	6	14	0
715.62	429.56	3	3	6	0
718.11	954.07	7	3	11	0
716.98	468.08	3	3	9	0
719.30	1046.88	7	3	11	0
719.48	378.47	6	3	7	0
719.34	681.06	3	3	4	0
718.97	921.73	3	3	7	0
721.25	317.72	6	3	8	0
723.31	1003.00	9	5	14	0
724.65	957.58	6	4	9	0
724.55	548.00	4	3	8	0
726.13	693.55	6	4	15	0
725.35	893.40	6	6	14	0
723.80	903.61	3	3	5	0
725.82	929.41	6	5	12	0
725.99	290.79	3	3	5	0
726.53	582.27	4	4	10	0
726.85	539.18	3	3	5	0
728.35	360.97	4	3	12	0
728.84	604.03	4	3	10	0
728.57	808.30	4	4	11	0
729.27	345.40	4	4	11	0
730.99	711.34	7	6	21	0
729.33	1053.01	3	4	7	0
730.61	423.51	4	3	6	0
730.80	781.47	5	5	11	0
730.09	1024.76	3	5	10	0
731.07	260.97	3	3	7	0
732.64	441.13	4	3	5	0
732.03	813.65	3	3	7	0
733.53	455.04	4	3	8	0
735.88	216.76	7	3	14	0
735.00	715.26	3	3	4	0
738.11	327.24	7	5	9	0
737.90	357.03	5	3	11	0
737.61	368.01	4	4	9	0
738.78	1015.88	7	5	16	0
745.84	1022.66	19	6	43	0
738.00	255.21	3	3	5	0
738.87	581.34	3	4	9	0
738.85	604.22	3	3	6	0
741.84	382.00	4	3	6	0
740.98	836.06	3	3	7	0
742.65	930.12	6	3	8	0
744.20	939.72	6	4	15	0
743.67	451.91	3	3	7	0
745.38	571.41	5	3	10	0
744.84	355.26	3	3	5	0
746.57	362.76	6	8	36	0
745.30	518.07	4	3	9	0
745.20	1048.35	3	4	9	0
747.41	296.52	5	3	9	0
746.03	599.91	3	3	5	0
746.02	696.27	3	4	8	0
746.81	892.96	5	5	15	0
745.81	910.73	3	3	5	0
747.06	813.27	4	6	12	0
747.42	841.16	3	3	6	0
754.11	281.90	13	3	24	0
748.12	578.88	3	3	6	0
749.87	664.18	5	4	9	0
749.81	1037.17	5	3	7	0
751.77	1082.91	9	3	12	0
749.98	736.59	3	4	6	0
754.24	290.54	13	5	26	0
752.91	940.95	7	3	10	0
753.07	469.00	3	3	7	0
753.11	685.33	3	5	10	0
753.60	1046.88	4	3	7	0
753.92	666.80	4	17	30	0
758.30	1019.53	12	5	31	0
756.94	1038.13	8	3	16	0
758.24	216.85	7	5	25	0
757.89	236.02	7	3	17	0
756.00	669.26	3	3	4	0
757.42	933.18	6	3	12	0
757.36	475.71	3	3	6	0
757.54	575.01	4	3	7	0
764.24	1031.30	15	5	35	0
759.40	371.47	4	4	12	0
759.31	453.19	3	4	9	0
760.11	462.21	5	3	9	0
759.20	674.75	3	3	5	0
759.13	715.06	3	5	7	0
760.82	667.85	4	5	6	0
760.47	810.38	4	6	11	0
761.15	493.86	4	3	8	0
762.17	563.06	5	3	6	0
762.98	836.00	3	3	4	0
771.40	1038.03	19	4	44	0
767.07	237.55	8	3	14	0
764.01	700.83	3	5	6	0
764.95	846.79	5	13	45	0
766.98	963.74	9	6	26	0
765.23	471.86	3	3	5	0
765.28	613.12	3	5	8	0
766.19	662.61	5	4	10	0
768.20	957.05	12	7	34	0
766.03	1093.04	4	3	8	0
765.69	673.10	3	4	6	0
767.72	892.14	4	3	8	0
768.01	852.00	3	3	7	0
769.79	932.34	6	4	14	0
768.26	1023.36	4	4	9	0
768.54	462.00	3	3	6	0
769.34	482.06	3	3	4	0
770.68	916.17	4	3	6	0
772.25	700.03	3	5	11	0
775.24	925.30	8	6	15	0
773.46	513.15	4	3	9	0
773.92	436.08	3	3	6	0
775.46	474.72	3	4	5	0
775.42	654.85	4	4	7	0
775.91	447.17	3	3	8	0
776.88	725.66	4	7	9	0
775.98	964.02	3	3	3	0
777.50	465.30	4	4	9	0
777.77	530.16	4	3	11	0
782.08	987.01	10	3	19	0
780.13	371.13	3	3	8	0
779.87	641.54	3	4	7	0
781.20	290.14	4	3	7	0
783.51	315.46	8	3	17	0
781.24	823.77	3	5	9	0
783.00	742.50	3	8	10	0
783.21	913.88	3	5	8	0
787.36	919.38	9	7	21	0
784.67	964.83	5	3	6	0
786.46	707.54	4	4	4	0
787.99	458.22	3	3	7	0
788.72	506.86	3	3	7	0
790.68	1037.58	7	4	16	0
789.82	594.53	3	5	10	0
792.33	340.79	6	3	13	0
792.26	899.99	3	3	4	0
795.73	478.01	4	3	7	0
796.64	377.26	5	3	11	0
799.42	215.02	7	5	25	0
797.36	484.09	4	3	11	0
797.12	610.81	3	5	9	0
796.69	894.96	3	5	6	0
797.25	941.00	3	3	4	0
798.01	910.99	3	3	3	0
802.72	1019.80	12	8	40	0
798.84	685.12	3	7	8	0
798.95	784.64	3	6	18	0
800.33	902.21	5	12	24	0
799.94	564.42	3	4	7	0
801.51	271.16	5	3	9	0
801.03	1010.15	3	5	10	0
803.76	727.62	6	6	16	0
803.71	932.12	6	6	13	0
803.04	411.95	3	3	7	0
804.22	605.67	4	6	12	0
804.11	1046.00	4	3	5	0
805.89	419.70	3	3	6	0
805.73	763.72	3	5	7	0
807.99	504.82	5	4	9	0
807.47	911.51	4	5	11	0
811.91	1022.82	10	8	41	0
814.20	215.94	11	6	34	0
809.02	489.02	3	3	3	0
811.09	1011.34	7	4	13	0
810.82	351.18	3	3	5	0
810.72	440.99	3	3	4	0
811.92	409.14	3	3	6	0
813.32	241.87	3	3	4	0
813.56	635.88	4	7	10	0
812.89	825.87	3	3	8	0
813.97	1047.13	5	3	8	0
814.95	492.02	4	3	8	0
814.01	550.01	3	3	7	0
814.57	555.02	5	5	13	0
813.87	593.47	3	7	9	0
815.14	385.07	4	3	10	0
815.21	862.63	3	8	14	0
818.01	319.80	5	3	5	0
817.18	525.27	3	4	6	0
817.62	931.15	4	5	8	0
820.01	362.21	6	3	12	0
820.79	651.91	7	11	14	0
826.70	1021.58	19	9	77	0
823.00	348.98	9	5	12	0
819.98	590.31	3	7	8	0
820.12	699.74	3	8	9	0
820.21	911.97	3	5	5	0
823.60	264.98	8	8	27	0
821.68	666.16	4	7	7	0
821.00	808.38	3	8	11	0
824.16	793.00	3	3	6	0
829.85	216.57	14	7	46	0
825.27	723.16	4	9	16	0
827.04	448.00	3	3	7	0
827.04	490.00	3	3	5	0
827.00	498.49	3	4	4	0
827.54	600.93	4	7	10	0
827.42	914.99	4	5	5	0
828.01	703.02	3	3	4	0
830.10	924.30	3	6	8	0
833.12	223.85	7	6	22	0
835.06	249.06	9	7	22	0
832.35	452.93	4	5	11	0
831.79	582.52	3	7	15	0
833.56	780.04	4	3	12	0
834.65	785.73	6	3	12	0
835.17	373.87	6	5	7	0
833.98	479.98	3	3	3	0
834.45	727.03	4	9	11	0
833.60	745.61	3	6	12	0
835.04	910.04	5	11	24	0
838.83	332.68	11	7	16	0
835.88	356.21	5	4	6	0
835.27	386.03	3	3	4	0
839.14	370.14	6	5	7	0
841.51	1048.97	10	4	21	0
841.67	341.88	10	8	16	0
841.57	312.02	6	3	6	0
841.10	349.43	5	4	9	0
840.12	365.12	3	3	3	0
841.26	387.02	3	3	4	0
842.47	879.91	6	13	30	0
842.89	1067.82	5	6	13	0
842.86	708.62	3	6	7	0
843.59	504.69	3	5	9	0
845.55	933.42	6	10	18	0
846.00	392.58	3	4	5	0
847.05	670.56	6	9	16	0
846.29	994.01	3	3	7	0
846.42	1006.58	3	4	7	0
847.66	611.44	4	8	10	0
846.99	722.01	3	3	3	0
848.51	954.20	6	3	10	0
850.03	255.19	7	5	13	0
851.48	274.75	9	3	12	0
849.03	336.03	3	3	3	0
849.20	624.06	3	7	10	0
849.21	717.07	3	5	6	0
849.41	786.85	4	13	37	0
851.04	942.52	5	7	12	0
851.71	226.28	4	3	7	0
853.72	305.34	9	7	14	0
850.66	925.02	3	5	6	0
852.97	286.27	4	7	8	0
854.11	742.63	7	9	21	0
853.51	1063.71	5	5	10	0
855.47	382.57	7	7	8	0
855.22	919.02	5	6	9	0
854.85	908.05	3	3	6	0
857.76	376.04	7	8	13	0
856.33	1012.23	4	5	16	0
862.24	1023.36	17	6	54	0
857.98	398.82	5	6	10	0
858.03	705.95	3	6	10	0
859.71	956.93	6	7	28	0
859.70	815.58	4	12	27	0
860.37	892.13	6	11	35	0
860.50	288.72	5	5	9	0
860.66	594.46	4	8	10	0
863.86	369.76	8	5	14	0
863.29	760.68	5	8	18	0
863.50	927.86	5	8	9	0
865.58	330.29	6	5	7	0
864.64	620.65	4	6	16	0
866.42	360.25	7	8	11	0
867.90	376.68	7	5	10	0
868.00	349.00	3	3	3	0
868.52	886.43	4	10	10	0
869.66	465.25	4	7	14	0
869.32	913.62	4	10	13	0
870.09	689.91	3	5	11	0
879.17	1034.71	18	9	81	0
872.09	1019.86	3	3	6	0
874.12	775.52	5	11	20	0
874.28	509.19	4	14	37	0
876.49	743.22	7	17	47	0
877.55	1023.04	10	5	26	0
876.54	275.70	6	5	6	0
880.02	348.44	11	12	20	0
876.07	661.02	3	7	10	0
877.74	702.24	5	10	14	0
877.92	522.70	3	7	10	0
878.11	997.48	4	9	14	0
877.82	1017.01	3	3	8	0
882.61	869.14	8	12	42	0
881.55	321.18	4	3	5	0
882.18	673.78	5	5	13	0
884.95	296.32	9	10	17	0
882.88	987.12	5	3	8	0
882.01	1059.01	3	3	3	0
887.23	402.53	3	4	6	0
887.72	325.96	3	3	4	0
891.81	953.59	9	9	23	0
889.97	673.15	5	10	17	0
888.88	909.75	3	7	8	0
892.86	1022.26	13	10	52	0
890.64	869.38	4	9	10	0
890.44	986.14	4	3	7	0
894.67	361.67	10	10	12	0
891.19	964.56	4	7	18	0
892.48	718.78	4	9	14	0
893.48	1093.77	6	3	13	0
896.53	347.05	8	15	22	0
894.58	382.94	4	5	5	0
894.97	886.20	5	10	22	0
893.99	931.53	3	8	10	0
895.03	333.03	3	3	3	0
897.08	376.08	3	3	3	0
898.54	422.61	3	11	13	0
898.27	1018.18	4	3	9	0
898.79	1028.82	3	3	5	0
900.04	1066.00	4	5	12	0
900.44	1077.83	5	3	12	0
899.81	639.26	3	9	13	0
899.84	673.35	3	3	6	0
900.06	750.24	4	8	11	0
900.01	1083.58	3	3	5	0
902.08	379.29	5	12	29	0
906.68	1093.66	13	4	30	0
901.89	271.92	3	5	12	0
905.73	248.54	8	4	15	0
902.83	943.18	3	3	6	0
905.24	1052.83	8	10	21	0
904.90	1021.97	6	10	22	0
904.74	556.38	3	4	8	0
906.56	674.67	4	4	9	0
906.21	1080.66	4	8	20	0
907.49	739.51	4	4	12	0
910.25	1070.79	8	6	21	0
908.19	477.74	3	5	11	0
909.13	771.88	4	4	9	0
912.74	957.94	9	13	28	0
910.88	642.80	4	13	23	0
914.06	1048.74	10	5	21	0
911.24	722.65	4	4	12	0
911.35	924.36	3	3	6	0
913.08	341.92	5	4	9	0
912.00	360.21	3	3	4	0
912.61	653.41	4	6	14	0
912.65	1081.86	4	3	8	0
913.51	810.76	5	5	12	0
912.99	944.03	3	5	8	0
914.37	595.14	5	17	41	0
915.39	296.26	3	4	8	0
915.34	1076.34	4	3	6	0
916.42	775.74	4	4	12	0
915.83	873.01	3	3	5	0
916.65	1058.29	5	3	7	0
918.00	676.65	5	6	18	0
917.75	835.57	5	4	16	0
916.81	1080.99	3	3	5	0
917.24	1093.81	5	6	15	0
917.79	278.23	3	3	5	0
918.18	626.66	4	3	6	0
918.22	748.22	3	3	5	0
918.36	843.45	4	4	11	0
922.32	973.61	10	12	49	0
919.65	519.23	4	7	17	0
920.06	553.25	5	5	20	0
921.58	817.43	7	8	24	0
920.23	937.05	3	5	11	0
922.68	703.59	6	5	21	0
923.02	718.13	7	5	23	0
922.81	711.03	4	3	10	0
926.98	789.37	11	4	29	0
923.02	1051.56	3	4	8	0
925.93	345.73	7	5	11	0
925.01	337.01	3	3	3	0
926.72	391.95	6	13	25	0
925.00	635.75	3	3	4	0
926.42	733.98	5	11	36	0
925.64	754.93	4	7	19	0
926.20	832.19	5	4	11	0
926.61	605.20	4	10	24	0
926.51	692.68	4	4	13	0
927.89	772.06	6	11	36	0
925.79	912.98	3	3	5	0
927.37	870.91	4	3	11	0
927.99	331.27	3	3	6	0
930.01	592.01	3	3	9	0
930.55	705.22	4	5	18	0
931.28	712.48	6	4	22	0
932.85	341.36	6	4	10	0
931.28	477.47	4	13	16	0
930.74	642.12	3	8	10	0
936.31	721.67	10	6	27	0
935.88	738.13	14	11	44	0
933.63	699.46	4	4	11	0
934.14	727.09	6	4	17	0
934.08	769.74	5	4	15	0
934.63	680.42	4	12	35	0
933.83	694.67	3	3	6	0
934.14	763.73	3	3	7	0
942.40	222.07	15	5	39	0
937.37	941.96	5	5	20	0
937.20	830.54	3	4	10	0
937.47	835.72	4	4	12	0
937.76	814.98	3	6	11	0
939.43	906.57	6	8	20	0
937.61	932.22	3	5	10	0
939.39	593.71	4	4	10	0
938.84	923.83	3	3	6	0
939.56	954.36	4	8	22	0
940.23	380.04	4	8	19	0
940.12	431.94	3	13	18	0
940.20	531.80	3	3	5	0
940.55	551.39	5	17	56	0
941.07	578.59	5	16	26	0
941.26	564.66	3	6	11	0
942.16	711.85	6	3	12	0
941.17	882.19	3	4	10	0
944.58	642.55	7	13	49	0
943.13	780.10	4	5	11	0
942.00	1074.28	3	3	7	0
945.38	660.77	6	19	62	0
944.08	728.22	4	6	11	0
944.96	814.05	5	5	16	0
946.00	616.17	5	14	29	0
946.74	602.73	4	8	24	0
945.77	678.61	3	17	33	0
947.03	693.14	4	3	7	0
947.77	765.23	6	4	18	0
947.40	771.69	5	4	13	0
947.16	932.49	5	5	17	0
946.27	1078.87	4	3	9	0
948.04	318.99	5	3	11	0
950.06	343.91	9	7	15	0
947.46	346.33	3	4	8	0
946.97	549.55	3	10	13	0
949.16	979.62	8	5	25	0
948.57	997.77	7	13	42	0
948.34	431.34	3	3	6	0
948.77	757.34	4	7	22	0
948.84	987.41	5	6	17	0
950.23	967.45	5	12	26	0
948.86	974.59	3	5	11	0
951.97	680.64	3	9	19	0
953.17	934.72	6	6	16	0
952.94	391.52	3	11	19	0
955.08	200.48	5	3	9	0
955.79	216.38	7	6	31	0
955.82	544.00	3	3	5	0
958.29	992.61	7	8	22	0
958.69	582.65	4	18	50	0
961.21	289.61	7	3	9	0
959.97	567.42	4	9	17	0
960.34	932.70	5	5	15	0
961.23	1073.72	3	3	4	0
963.78	1064.33	7	6	18	0
962.87	311.00	3	3	5	0
965.92	602.11	8	19	55	0
964.77	824.18	6	9	22	0
962.75	861.33	3	7	12	0
963.02	882.86	3	4	8	0
963.85	899.70	5	7	18	0
964.56	845.47	4	7	20	0
966.55	916.19	6	6	19	0
968.36	544.67	8	17	65	0
967.35	563.15	7	6	18	0
967.75	530.72	6	13	32	0
966.66	556.75	5	6	16	0
966.15	905.90	3	3	6	0
967.50	942.48	8	12	31	0
966.41	1091.32	5	5	18	0
966.81	838.19	3	3	5	0
967.00	890.39	3	4	12	0
974.90	222.26	17	8	63	0
970.62	862.49	10	16	45	0
970.01	926.83	7	6	20	0
971.29	516.93	7	11	29	0
969.72	969.34	4	7	8	0
974.83	880.43	12	6	30	0
972.21	213.92	6	3	13	0
971.04	900.94	3	5	9	0
972.02	493.37	3	3	5	0
973.01	535.59	5	8	15	0
974.32	1044.45	8	10	25	0
973.34	421.96	3	3	4	0
974.45	487.49	6	11	28	0
972.77	681.23	3	9	13	0
975.47	500.18	5	10	16	0
974.01	577.36	3	4	7	0
976.72	902.32	6	4	16	0
974.89	988.71	3	6	10	0
976.37	969.83	4	8	18	0
977.10	908.37	3	3	7	0
978.14	922.05	5	4	14	0
976.81	956.34	3	5	11	0
979.17	888.77	5	9	23	0
980.46	529.24	4	4	10	0
982.10	830.68	4	7	15	0
981.94	845.63	4	8	16	0
982.63	577.09	5	3	10	0
981.98	593.88	3	4	6	0
982.87	823.76	4	5	14	0
982.98	303.16	3	4	5	0
984.16	581.25	6	5	8	0
983.01	584.72	3	3	4	0
983.02	1098.80	3	4	10	0
985.87	562.66	7	5	18	0
984.74	601.94	5	4	10	0
984.61	1089.39	4	9	19	0
986.02	513.90	3	6	9	0
986.33	587.65	3	4	7	0
986.79	503.50	4	10	17	0
986.67	542.18	3	3	6	0
990.86	218.13	6	5	24	0
989.21	558.00	3	3	5	0
991.66	344.59	4	4	8	0
993.47	202.50	7	6	23	0
992.60	311.79	5	3	9	0
992.15	1099.34	3	3	6	0
994.29	851.63	5	8	22	0
992.70	1091.37	3	10	17	0
994.22	881.05	4	10	23	0
997.50	224.46	7	6	27	0
997.06	786.58	4	10	24	0
996.35	802.42	3	12	25	0
997.79	773.81	3	3	5	0
998.20	998.58	3	5	9	0
999.26	739.85	3	7	12	0
999.23	899.39	3	6	13	0
