18.283	-27.932	-11.711	202	108	-1	-1	0.001	0.000
-7.395	33.727	0.240	40	-1	-1	13	0.019	0.000
13.199	-10.472	29.915	158	-1	-1	73	0.024	0.000
37.326	-1.408	10.921	-1	-1	62	53	0.069	0.000
-40.687	0.516	41.787	106	70	-1	-1	0.079	0.000
-11.281	-30.437	11.644	201	-1	130	-1	0.081	0.000
-30.153	-23.126	10.463	178	-1	86	-1	0.085	0.000
-35.772	40.576	-12.486	19	23	-1	-1	0.097	0.000
12.824	8.732	15.986	557	-1	286	234	0.099	0.000
32.260	21.242	17.536	-1	201	207	-1	0.001	0.000
-36.477	-19.905	2.224	1008	-1	-1	419	0.004	0.000
16.517	-10.385	-12.811	891	-1	-1	344	0.004	0.000
-19.808	13.013	24.983	492	246	-1	-1	0.008	0.000
-16.796	4.886	24.114	599	304	-1	-1	0.009	0.000
8.882	41.683	-14.044	108	-1	-1	28	0.014	0.000
-16.705	-2.370	-14.342	728	366	-1	-1	0.016	0.000
-1.540	26.619	-206.730	255	-1	140	-1	0.020	0.000
18.664	-7.166	5.359	801	-1	-1	334	0.022	0.000
20.086	27.300	-62.411	-1	165	-1	102	0.024	0.000
7.596	-0.461	-17.487	710	-1	-1	272	0.027	0.000
-13.041	-0.461	12.578	699	349	-1	-1	0.029	0.000
-15.400	8.316	6.488	558	286	-1	-1	0.030	0.000
24.013	-0.586	-28.921	720	-1	331	-1	0.032	0.000
38.091	54.725	-15.467	-1	12	17	-1	0.035	0.000
-17.955	13.683	-2.577	477	245	-1	-1	0.040	0.000
-17.895	10.935	-50.007	530	275	-1	-1	0.040	0.000
14.041	0.199	37.910	686	-1	-1	306	0.049	0.000
-28.404	1.698	-32.712	674	343	-1	-1	0.049	0.000
-12.252	13.715	19.927	475	241	-1	-1	0.050	0.000
-28.986	37.720	-36.351	150	93	-1	-1	0.056	0.000
-37.144	-32.710	5.487	1158	-1	-1	509	0.065	0.000
-22.462	13.314	36.001	483	244	-1	-1	0.066	0.000
-26.585	-3.065	-9.777	733	368	-1	-1	0.070	0.000
-6.923	25.643	-24.534	333	170	-1	-1	0.078	0.000
18.046	23.553	-13.404	351	-1	183	-1	0.079	0.000
-41.689	39.469	32.056	151	88	-1	-1	0.080	0.000
-11.370	-14.429	13.570	926	449	-1	-1	0.081	0.000
13.786	19.709	-80.812	399	-1	186	-1	0.081	0.000
4.220	-9.676	-7.849	864	-1	405	-1	0.083	0.000
-41.429	17.000	5.524	435	223	-1	-1	0.091	0.000
-19.654	0.843	45.366	657	325	-1	-1	0.092	0.000
-17.418	0.924	14.991	670	336	-1	-1	0.093	0.000
-19.681	9.019	51.774	541	273	-1	-1	0.094	0.000
-30.179	-23.046	11.247	1126	-1	561	-1	0.007	1.000
-35.779	40.630	-12.379	130	84	-1	-1	0.011	1.000
-28.626	-5.550	12.997	809	401	-1	-1	0.012	1.000
20.263	23.257	-23.416	382	-1	188	-1	0.025	1.000
-19.049	5.924	17.719	615	314	-1	-1	0.042	1.000
37.371	-1.388	10.674	-1	-1	357	306	0.050	1.000
12.060	36.385	9.544	215	-1	-1	68	0.062	1.000
-11.097	-14.654	13.743	998	480	-1	-1	0.075	1.000
18.284	-27.984	-10.935	1240	606	-1	-1	0.076	1.000
-37.495	-32.755	6.760	1273	-1	-1	556	0.078	1.000
-40.634	0.551	40.098	688	343	-1	-1	0.092	1.000
-41.070	-20.878	4.997	1092	-1	-1	459	0.092	1.000
-10.107	-9.913	13.595	901	439	-1	-1	0.094	1.000
25.461	-27.605	-5.098	1216	-1	-1	518	0.008	1.000
-8.598	13.039	40.918	522	258	-1	-1	0.008	1.000
-10.842	47.205	-24.033	46	52	-1	-1	0.011	1.000
26.108	-18.471	24.050	1060	-1	519	-1	0.012	1.000
31.605	-6.059	-22.367	858	-1	-1	326	0.012	1.000
-26.588	42.536	3.652	113	80	-1	-1	0.015	1.000
-18.482	35.586	-8.212	212	130	-1	-1	0.020	1.000
11.008	21.285	-0.246	412	-1	-1	158	0.023	1.000
11.978	31.939	15.173	285	-1	-1	102	0.025	1.000
-21.249	37.794	38.924	199	116	-1	-1	0.030	1.000
-22.470	-7.853	3.246	856	421	-1	-1	0.032	1.000
-5.301	-9.273	-13.137	905	-1	-1	348	0.035	1.000
-30.860	7.479	51.648	581	295	-1	-1	0.036	1.000
-30.799	-19.913	65.190	1036	490	-1	-1	0.037	1.000
-23.391	16.703	-20.055	474	244	-1	-1	0.043	1.000
-9.273	-10.290	-17.653	929	-1	-1	351	0.046	1.000
37.262	13.565	17.453	-1	-1	251	209	0.053	1.000
-9.305	5.381	68.826	611	311	-1	-1	0.060	1.000
18.425	-8.160	14.446	869	-1	415	-1	0.061	1.000
-37.749	37.790	-1.774	171	106	-1	-1	0.068	1.000
-7.824	3.727	-25.014	665	333	-1	-1	0.070	1.000
-14.669	-26.894	24.389	1153	-1	618	-1	0.075	1.000
-30.913	32.288	38.497	266	148	-1	-1	0.087	1.000
-26.879	-2.927	-27.024	780	392	-1	-1	0.090	1.000
30.001	-27.682	19.559	1196	-1	-1	539	0.094	1.000
-39.245	6.670	-7.289	640	323	-1	-1	0.000	2.000
-28.599	-5.847	13.212	860	428	-1	-1	0.013	2.000
-11.162	47.215	-24.461	46	41	-1	-1	0.016	2.000
-19.117	22.662	63.917	394	205	-1	-1	0.018	2.000
13.164	49.229	-20.794	28	-1	40	-1	0.027	2.000
-27.364	-3.293	-19.169	827	416	-1	-1	0.038	2.000
-33.183	6.819	16.324	635	319	-1	-1	0.039	2.000
9.843	49.620	-9.004	31	-1	38	-1	0.043	2.000
37.255	2.901	8.820	-1	-1	351	295	0.049	2.000
-28.960	20.495	-50.137	415	219	-1	-1	0.060	2.000
-10.858	-14.758	13.800	1042	506	-1	-1	0.070	2.000
-30.234	51.919	-4.834	16	20	-1	-1	0.070	2.000
-38.791	34.333	-17.993	212	128	-1	-1	0.085	2.000
-10.180	-10.291	14.118	952	468	-1	-1	0.087	2.000
14.503	26.863	24.690	342	-1	181	-1	0.091	2.000
-15.022	9.300	-18.268	608	314	-1	-1	0.098	2.000
2.758	35.901	-8.149	199	-1	126	61	0.050	2.000
20.765	20.813	34.037	424	-1	222	-1	0.002	2.000
-20.911	11.162	22.090	560	286	-1	-1	0.003	2.000
-23.633	22.303	0.980	384	204	-1	-1	0.004	2.000
-37.286	2.158	-37.199	723	365	-1	-1	0.004	2.000
-21.680	-11.385	0.819	962	-1	-1	404	0.004	2.000
-18.863	29.424	7.563	299	-1	-1	114	0.004	2.000
7.557	-17.595	-25.891	1103	534	-1	-1	0.008	2.000
19.550	41.754	38.491	130	-1	-1	33	0.010	2.000
-2.003	-8.385	-13.299	920	-1	-1	372	0.012	2.000
-7.157	16.447	-4.821	484	250	-1	-1	0.014	2.000
-39.050	35.957	-42.003	167	106	-1	-1	0.016	2.000
-26.433	17.038	30.061	471	236	-1	-1	0.017	2.000
-5.947	-27.169	26.362	1192	-1	-1	563	0.021	2.000
-11.103	13.072	-20.615	534	278	-1	-1	0.025	2.000
-42.476	40.672	39.826	144	82	-1	-1	0.026	2.000
35.886	19.189	15.247	-1	-1	228	175	0.028	2.000
-11.387	2.007	-64.470	754	380	-1	-1	0.028	2.000
-32.096	22.646	-5.024	374	197	-1	-1	0.031	2.000
-17.303	12.420	-9.374	544	280	-1	-1	0.033	2.000
-41.658	43.271	62.854	119	73	-1	-1	0.035	2.000
35.761	-22.697	13.927	1160	-1	556	-1	0.037	2.000
-10.810	11.697	-3.031	555	285	-1	-1	0.037	2.000
-22.254	17.292	10.335	464	238	-1	-1	0.050	2.000
-7.219	4.161	6.100	679	335	-1	-1	0.050	2.000
-11.237	8.307	24.129	607	310	-1	-1	0.050	2.000
-7.885	8.535	18.153	610	308	-1	-1	0.058	2.000
15.092	3.401	29.213	696	-1	360	-1	0.058	2.000
-39.770	39.282	30.093	156	89	-1	-1	0.072	2.000
-3.102	-1.227	-5.342	786	-1	-1	312	0.075	2.000
11.297	30.754	-23.316	272	159	-1	-1	0.077	2.000
9.226	21.289	-37.766	405	-1	197	-1	0.079	2.000
-12.309	-1.842	29.254	779	383	-1	-1	0.082	2.000
18.670	-4.537	0.416	851	-1	406	-1	0.086	2.000
-42.871	3.430	14.112	673	332	-1	-1	0.089	2.000
-10.652	8.522	-64.686	620	315	-1	-1	0.097	2.000
-33.315	39.320	27.979	155	92	-1	-1	0.098	2.000
-40.906	-30.482	29.862	1386	-1	-1	672	0.007	3.000
-39.162	35.483	-38.660	205	117	-1	-1	0.016	3.000
-23.655	22.381	-1.150	439	229	-1	-1	0.018	3.000
-34.427	7.636	19.250	717	376	-1	-1	0.019	3.000
-11.491	47.227	-24.635	58	42	-1	-1	0.023	3.000
-27.544	5.663	-18.989	754	391	-1	-1	0.024	3.000
0.954	16.532	-5.802	558	-1	292	-1	0.046	3.000
-10.701	8.250	-63.921	728	385	-1	-1	0.051	3.000
1.235	-11.392	-30.885	1132	-1	-1	441	0.057	3.000
-30.844	53.119	90.851	54	-1	25	-1	0.057	3.000
-12.042	7.860	38.010	713	372	-1	-1	0.060	3.000
-32.531	-2.514	-21.817	914	471	-1	-1	0.066	3.000
-30.291	51.800	-7.224	20	16	-1	-1	0.067	3.000
-27.366	-3.713	-16.361	943	480	-1	-1	0.082	3.000
29.670	-22.186	13.970	1283	636	636	597	0.085	3.000
20.370	50.793	-37.373	15	24	32	-1	0.053	3.000
-9.807	41.721	96.707	182	-1	106	-1	0.002	3.000
-5.987	32.828	34.226	308	-1	166	-1	0.002	3.000
-17.536	4.422	10.660	765	387	-1	-1	0.009	3.000
-30.176	-6.908	33.261	964	-1	533	-1	0.011	3.000
-20.470	1.951	-42.923	837	432	-1	-1	0.012	3.000
10.060	51.130	41.976	51	36	-1	-1	0.015	3.000
-11.620	10.294	44.013	663	338	-1	-1	0.015	3.000
-13.659	-16.589	12.718	1184	-1	609	-1	0.017	3.000
-18.073	2.105	-48.665	839	434	-1	-1	0.020	3.000
-21.431	2.451	7.814	805	408	-1	-1	0.020	3.000
-18.121	40.347	63.705	187	89	-1	-1	0.021	3.000
-11.148	6.340	56.931	724	372	-1	-1	0.024	3.000
31.507	10.767	-8.552	-1	353	-1	263	0.024	3.000
33.258	39.306	3.012	-1	-1	109	42	0.025	3.000
-16.667	-0.200	16.258	859	435	-1	-1	0.026	3.000
-7.455	40.302	40.865	176	-1	110	-1	0.028	3.000
-9.061	34.068	33.717	286	142	-1	-1	0.031	3.000
3.529	-6.504	1.601	992	493	-1	-1	0.035	3.000
-18.530	-5.599	47.213	933	465	-1	-1	0.036	3.000
-18.629	11.543	-54.930	651	345	-1	-1	0.038	3.000
10.196	45.929	-33.757	68	48	-1	-1	0.041	3.000
10.125	45.602	-14.204	78	54	-1	-1	0.046	3.000
20.084	-11.449	-23.097	1119	-1	-1	454	0.047	3.000
-35.890	42.368	-11.380	123	65	-1	-1	0.055	3.000
18.268	33.752	-47.686	250	143	-1	-1	0.059	3.000
-13.408	13.171	36.899	600	307	-1	-1	0.059	3.000
17.464	-21.374	-5.003	1284	-1	-1	563	0.064	3.000
-38.715	-8.997	-1.184	1021	509	-1	-1	0.064	3.000
-3.251	-18.791	-18.139	1255	625	-1	-1	0.066	3.000
-12.726	14.031	10.712	593	303	-1	-1	0.070	3.000
-36.482	37.430	-59.664	159	90	-1	-1	0.071	3.000
25.544	-11.560	20.242	1087	-1	557	-1	0.073	3.000
-31.278	-5.898	76.811	919	456	-1	-1	0.074	3.000
-36.887	36.313	0.021	222	118	-1	-1	0.074	3.000
14.816	-8.489	-5.617	1038	-1	-1	444	0.080	3.000
-10.766	-15.359	16.090	1158	-1	600	-1	0.081	3.000
-9.922	11.531	-30.201	647	340	-1	-1	0.081	3.000
37.215	3.502	-6.825	-1	-1	396	344	0.084	3.000
-18.850	12.458	-36.898	633	327	-1	-1	0.091	3.000
-25.351	-1.847	15.439	881	446	-1	-1	0.091	3.000
0.608	-14.608	10.508	1150	570	-1	-1	0.092	3.000
-1.258	-16.712	13.282	1191	588	-1	-1	0.097	3.000
-39.501	40.354	24.434	165	81	-1	-1	0.099	3.000
-20.519	1.665	-40.819	746	376	-1	-1	0.014	4.000
37.148	3.454	-7.412	-1	-1	333	290	0.028	4.000
-11.801	47.229	-24.430	42	30	-1	-1	0.029	4.000
3.664	-6.464	1.513	891	436	-1	-1	0.035	4.000
-9.735	34.555	24.572	243	132	-1	-1	0.038	4.000
-32.657	-3.385	-18.090	825	409	-1	-1	0.048	4.000
-18.264	-28.430	11.112	-1	-1	659	566	0.058	4.000
-18.647	11.356	-55.710	583	303	-1	-1	0.060	4.000
-18.059	1.856	-49.937	753	380	-1	-1	0.061	4.000
-9.824	41.675	97.406	157	-1	103	-1	0.065	4.000
1.568	-11.449	-28.710	1022	-1	-1	378	0.083	4.000
-25.420	-2.063	16.016	793	394	-1	-1	0.084	4.000
-30.378	51.804	-8.616	8	12	-1	-1	0.093	4.000
-18.540	3.960	26.353	679	341	-1	-1	0.094	4.000
-29.584	-10.803	-26.413	990	-1	457	-1	0.098	4.000
1.983	14.028	17.589	536	-1	-1	218	0.000	4.000
28.685	44.321	12.684	-1	-1	60	11	0.001	4.000
-37.283	36.122	-56.729	151	94	-1	-1	0.002	4.000
36.282	19.772	17.749	-1	-1	227	169	0.011	4.000
38.365	47.363	-10.925	-1	37	39	-1	0.011	4.000
-5.820	14.479	17.631	527	263	-1	-1	0.017	4.000
10.956	5.710	-11.798	667	-1	-1	266	0.019	4.000
-20.762	23.517	73.911	389	191	-1	-1	0.021	4.000
-21.285	4.103	17.668	672	-1	357	-1	0.028	4.000
20.758	-1.546	-44.093	817	-1	-1	301	0.031	4.000
-42.913	-2.632	62.595	764	375	-1	-1	0.031	4.000
3.040	6.776	-13.934	651	-1	-1	256	0.031	4.000
-31.395	42.849	91.918	141	68	-1	-1	0.032	4.000
-8.919	10.428	-6.039	592	304	-1	-1	0.035	4.000
13.828	9.852	34.912	603	-1	-1	263	0.036	4.000
37.027	8.502	6.624	-1	-1	303	258	0.038	4.000
0.640	22.808	-9.882	388	-1	-1	142	0.043	4.000
-37.154	34.751	-57.536	174	103	-1	-1	0.046	4.000
5.376	40.241	-59.041	107	-1	89	-1	0.046	4.000
-20.470	21.473	-63.949	406	211	-1	-1	0.046	4.000
-43.486	40.028	-1.915	125	66	-1	-1	0.052	4.000
21.847	-17.952	25.464	1100	-1	-1	498	0.053	4.000
-32.374	-5.752	44.327	826	399	-1	-1	0.053	4.000
-42.712	39.857	48.805	155	80	-1	-1	0.053	4.000
-11.417	32.632	32.062	266	138	-1	-1	0.053	4.000
-28.758	29.079	2.386	304	-1	-1	116	0.055	4.000
32.224	38.967	-6.230	-1	-1	103	32	0.061	4.000
-14.618	49.724	59.664	51	-1	33	-1	0.065	4.000
29.743	41.248	22.214	-1	-1	86	26	0.072	4.000
-36.756	37.880	1.337	162	87	-1	-1	0.074	4.000
-11.167	-6.072	-60.200	913	457	-1	-1	0.077	4.000
-39.952	51.367	3.878	11	13	-1	-1	0.079	4.000
-10.446	22.882	-37.660	378	200	-1	-1	0.080	4.000
-32.502	23.408	68.135	384	188	-1	-1	0.081	4.000
-34.476	17.278	25.084	471	233	-1	-1	0.083	4.000
-12.304	0.423	-25.424	762	379	-1	-1	0.085	4.000
2.632	20.011	28.629	446	-1	-1	179	0.088	4.000
-18.500	50.628	77.574	49	-1	28	-1	0.090	4.000
-9.565	5.483	36.537	656	330	-1	-1	0.093	4.000
21.824	52.197	-25.140	2	-1	19	-1	0.094	4.000
-11.186	-12.302	11.397	981	475	-1	-1	0.096	4.000
-37.705	36.390	10.039	200	104	-1	-1	0.099	4.000
