931.29	298.22	25.00	25.00	8.00
250.72	300.37	-40.00	25.00	8.00
456.33	300.04	-20.00	25.00	8.00
509.21	299.83	-15.00	25.00	8.00
561.72	299.97	-10.00	25.00	8.00
614.10	299.59	-5.00	25.00	8.00
666.96	299.55	0.00	25.00	8.00
719.47	299.23	5.00	25.00	8.00
772.67	299.21	10.00	25.00	8.00
825.55	299.01	15.00	25.00	8.00
879.33	299.09	20.00	25.00	8.00
986.70	299.11	30.00	25.00	8.00
302.33	300.50	-35.00	25.00	8.00
353.71	300.20	-30.00	25.00	8.00
405.38	300.20	-25.00	25.00	8.00
321.79	399.93	-35.00	15.00	0.00
526.77	400.37	-15.00	15.00	0.00
578.52	400.72	-10.00	15.00	0.00
630.36	400.56	-5.00	15.00	0.00
682.54	400.77	0.00	15.00	0.00
734.86	400.77	5.00	15.00	0.00
786.99	401.01	10.00	15.00	0.00
839.63	400.97	15.00	15.00	0.00
891.88	400.86	20.00	15.00	0.00
944.19	401.25	25.00	15.00	0.00
372.54	400.74	-30.00	15.00	0.00
424.20	401.00	-25.00	15.00	0.00
475.61	401.14	-20.00	15.00	0.00
996.14	401.14	30.00	15.00	0.00
292.64	549.05	-40.00	0.00	-8.00
343.04	549.19	-35.00	0.00	-8.00
393.28	549.74	-30.00	0.00	-8.00
443.50	549.83	-25.00	0.00	-8.00
494.24	549.84	-20.00	0.00	-8.00
544.99	550.18	-15.00	0.00	-8.00
646.30	550.93	-5.00	0.00	-8.00
697.69	551.48	0.00	0.00	-8.00
748.72	551.49	5.00	0.00	-8.00
800.20	552.03	10.00	0.00	-8.00
851.76	552.41	15.00	0.00	-8.00
904.05	552.50	20.00	0.00	-8.00
956.20	552.92	25.00	0.00	-8.00
328.69	711.93	-35.00	-15.00	0.00
379.25	712.42	-30.00	-15.00	0.00
430.22	713.13	-25.00	-15.00	0.00
481.43	713.83	-20.00	-15.00	0.00
532.75	715.05	-15.00	-15.00	0.00
584.12	715.33	-10.00	-15.00	0.00
635.20	716.05	-5.00	-15.00	0.00
687.96	716.69	0.00	-15.00	0.00
740.08	717.15	5.00	-15.00	0.00
791.30	717.87	10.00	-15.00	0.00
843.90	718.50	15.00	-15.00	0.00
895.29	718.99	20.00	-15.00	0.00
947.68	719.69	25.00	-15.00	0.00
1000.14	720.39	30.00	-15.00	0.00
261.44	824.18	-40.00	-25.00	8.00
312.07	824.71	-35.00	-25.00	8.00
363.32	825.60	-30.00	-25.00	8.00
414.45	826.70	-25.00	-25.00	8.00
466.17	827.57	-20.00	-25.00	8.00
517.88	828.40	-15.00	-25.00	8.00
569.48	829.41	-10.00	-25.00	8.00
621.58	830.30	-5.00	-25.00	8.00
673.72	831.31	0.00	-25.00	8.00
726.04	832.16	5.00	-25.00	8.00
778.94	833.16	10.00	-25.00	8.00
831.78	834.05	15.00	-25.00	8.00
884.62	835.03	20.00	-25.00	8.00
937.69	835.89	25.00	-25.00	8.00
991.13	836.97	30.00	-25.00	8.00
