297.34	944.33	4	4	13	0
299.73	973.93	5	11	30	0
306.79	205.83	10	8	59	0
306.83	916.60	6	6	25	0
306.16	960.79	5	15	38	0
323.40	208.12	9	5	30	0
336.34	1013.32	9	11	70	0
337.89	960.84	8	9	56	0
339.09	907.87	9	9	57	0
340.52	854.86	8	10	55	0
341.89	802.52	8	10	57	0
342.16	226.38	8	8	42	0
343.17	749.94	9	9	60	0
344.78	697.37	8	11	69	0
345.87	645.80	9	9	56	0
347.23	593.86	8	9	55	0
348.46	542.19	8	9	58	0
349.82	490.83	8	9	57	0
351.10	439.97	9	11	67	0
353.16	338.80	9	11	77	0
352.46	388.76	8	13	73	0
355.21	287.24	9	9	65	0
377.39	238.31	11	4	31	0
378.16	201.05	6	4	16	0
380.67	216.99	8	6	25	0
387.01	238.88	5	5	20	0
399.60	685.73	4	11	26	0
403.42	230.37	7	5	23	0
404.36	420.77	5	5	16	0
408.34	320.22	4	12	35	0
446.21	953.70	8	10	59	0
447.39	900.48	8	9	55	0
448.38	846.84	8	10	59	0
449.65	793.97	8	10	56	0
450.62	741.00	8	10	58	0
451.69	688.35	8	9	59	0
452.75	636.00	8	10	58	0
453.88	583.74	8	9	54	0
455.97	532.52	11	11	66	0
456.32	480.14	8	9	57	0
457.35	428.60	8	9	56	0
458.45	377.19	8	9	57	0
459.50	326.00	8	9	58	0
460.84	274.22	8	9	53	0
459.83	223.42	5	4	15	0
488.67	221.76	10	8	43	0
500.68	224.35	7	4	20	0
511.32	625.62	4	4	10	0
517.63	204.65	4	8	24	0
537.16	433.87	4	5	13	0
565.68	443.36	6	5	23	0
568.41	397.74	4	4	13	0
598.36	414.79	5	5	17	0
611.33	685.43	11	14	50	0
610.79	1001.20	7	9	47	0
611.65	948.03	6	9	41	0
612.77	840.09	7	7	34	0
612.34	894.25	6	8	38	0
613.68	786.18	6	8	34	0
615.80	627.07	8	8	45	0
614.37	732.89	6	8	38	0
616.63	574.42	8	9	53	0
618.16	469.84	9	8	55	0
617.46	522.06	8	8	50	0
618.90	417.71	9	9	58	0
620.44	314.23	9	8	51	0
619.77	365.88	9	8	56	0
621.35	262.69	9	9	57	0
683.09	960.33	5	6	24	0
