254.03	1031.77	11	7	50	0
279.09	979.25	6	13	28	0
281.76	1032.29	9	11	69	0
282.66	857.63	4	4	15	0
285.76	457.51	4	4	12	0
296.73	913.88	5	8	18	0
298.77	941.61	5	11	37	0
303.15	1035.24	5	6	23	0
304.53	885.27	6	6	29	0
305.84	797.51	4	6	19	0
316.73	311.60	4	9	21	0
321.26	1025.36	12	8	51	0
323.99	1035.01	14	7	59	0
335.45	982.51	10	11	86	0
336.30	929.05	8	10	63	0
337.71	823.65	8	9	56	0
336.94	876.61	7	9	55	0
338.95	717.86	8	9	54	0
338.17	771.24	8	9	53	0
339.95	664.01	8	11	68	0
340.08	611.13	7	10	57	0
341.62	503.97	8	9	57	0
341.07	557.47	7	9	55	0
343.68	288.74	10	11	72	0
342.26	450.25	8	10	59	0
343.72	341.21	8	14	74	0
343.01	396.45	8	9	54	0
345.11	219.70	7	11	57	0
345.21	233.52	8	9	58	0
379.95	951.69	4	4	10	0
391.22	897.46	4	6	16	0
442.93	942.52	9	10	66	0
443.90	889.95	8	9	52	0
444.71	835.96	8	10	63	0
445.89	782.03	8	12	70	0
446.12	729.46	8	10	60	0
447.89	621.75	8	10	64	0
447.13	675.46	8	11	64	0
448.68	567.90	8	10	64	0
449.52	513.83	8	11	66	0
450.56	459.59	8	10	64	0
451.46	405.10	8	10	64	0
453.18	296.44	9	9	55	0
452.24	351.07	8	10	57	0
454.18	240.76	8	11	67	0
503.69	657.55	4	4	13	0
505.51	563.10	4	5	16	0
507.05	464.88	5	6	22	0
508.06	428.38	5	7	28	0
533.76	1036.45	5	6	20	0
567.50	351.57	4	4	12	0
600.55	681.31	4	4	12	0
605.42	1011.57	8	8	42	0
608.21	693.70	12	12	63	0
606.63	958.66	6	6	28	0
607.28	905.59	6	6	30	0
608.44	851.51	7	6	29	0
609.51	797.60	6	6	32	0
610.51	743.74	6	6	32	0
613.82	580.35	8	7	41	0
612.79	634.64	7	6	30	0
614.93	525.59	8	8	45	0
616.07	470.93	9	7	49	0
617.27	415.83	9	8	54	0
618.33	360.67	9	8	54	0
619.49	305.33	8	9	56	0
620.72	249.71	9	8	57	0
673.49	1034.89	6	5	26	0
