257.24	623.05	5	5	19	0
355.39	275.71	4	5	16	0
359.50	335.41	6	6	23	0
362.40	1028.14	10	5	27	0
364.03	1043.68	5	4	15	0
379.31	917.09	9	9	59	0
379.07	969.33	7	9	54	0
381.92	815.43	8	9	52	0
381.02	867.39	7	12	60	0
383.84	712.51	8	8	52	0
382.99	764.23	7	9	50	0
385.09	660.78	7	9	53	0
387.30	556.41	9	10	60	0
386.05	608.62	7	9	53	0
388.12	503.44	9	8	53	0
389.12	450.84	7	9	50	0
390.31	398.29	7	8	49	0
391.25	345.30	8	8	51	0
392.52	292.20	8	9	55	0
393.53	238.08	8	9	61	0
422.41	1012.09	4	5	17	0
431.79	935.31	5	7	27	0
477.63	954.75	8	9	49	0
478.65	904.63	8	8	51	0
479.88	854.74	8	9	51	0
480.83	804.50	8	9	51	0
482.91	702.75	9	8	50	0
482.35	753.96	8	8	45	0
484.58	651.16	8	8	48	0
485.69	599.59	8	9	51	0
486.91	547.96	8	9	52	0
488.01	496.02	7	8	40	0
489.98	444.24	7	8	41	0
491.19	391.76	7	9	44	0
492.90	286.36	8	9	55	0
492.36	338.63	6	9	40	0
527.25	1020.44	4	4	14	0
624.04	940.64	7	9	50	0
625.52	890.31	8	9	53	0
626.64	840.78	8	9	55	0
628.22	790.61	7	8	48	0
629.73	740.70	7	9	48	0
630.99	690.50	7	9	48	0
632.78	640.53	8	8	41	0
634.22	589.68	7	6	37	0
636.85	488.18	7	5	25	0
638.19	436.61	6	7	29	0
639.83	385.33	7	5	25	0
642.16	333.80	7	4	20	0
643.21	282.32	7	4	22	0
723.92	1007.29	5	4	14	0
785.32	956.69	8	10	63	0
786.90	906.54	8	9	57	0
788.57	856.46	8	9	55	0
790.22	807.47	7	6	34	0
792.19	756.15	7	8	40	0
790.79	1021.20	5	6	19	0
793.84	705.91	7	5	29	0
795.65	654.90	8	5	33	0
797.43	603.53	8	6	33	0
799.42	551.98	8	6	36	0
802.73	448.62	8	6	39	0
801.57	500.66	6	4	22	0
804.45	396.57	8	6	40	0
806.36	344.04	8	8	49	0
808.24	291.79	8	9	46	0
843.58	1022.50	11	5	33	0
847.27	1003.21	17	18	108	0
849.76	865.52	4	12	33	0
850.68	768.43	5	4	13	0
850.20	807.11	4	5	17	0
851.19	796.32	4	7	16	0
852.67	785.15	4	9	20	0
857.64	598.17	6	5	22	0
859.53	569.96	6	7	28	0
866.83	958.83	4	4	11	0
868.92	539.81	6	6	17	0
871.45	228.32	4	4	10	0
872.08	243.99	4	16	39	0
897.66	972.01	8	11	75	0
899.21	921.46	9	10	69	0
901.49	870.56	8	10	66	0
903.32	819.63	8	10	65	0
905.17	768.36	8	10	61	0
908.71	1009.23	15	5	51	0
906.98	716.79	8	10	60	0
909.16	665.21	8	8	52	0
913.07	976.98	12	7	54	0
911.04	613.74	7	9	57	0
913.04	561.86	7	9	57	0
915.23	509.92	8	9	59	0
914.54	698.81	4	5	11	0
917.04	457.64	7	9	56	0
919.19	405.05	8	11	66	0
921.07	352.47	9	10	64	0
923.20	299.25	9	9	64	0
925.55	246.39	9	10	65	0
949.16	732.42	4	4	13	0
962.37	604.31	4	4	15	0
966.52	489.18	6	5	20	0
966.74	494.93	5	5	19	0
967.94	548.34	4	5	16	0
