-40.000 -25.000 8.000
-40.000 -15.000 0.000
-40.000 0.000 -8.000
-40.000 15.000 0.000
-40.000 25.000 8.000
-35.000 -25.000 8.000
-35.000 -15.000 0.000
-35.000 0.000 -8.000
-35.000 15.000 0.000
-35.000 25.000 8.000
-30.000 -25.000 8.000
-30.000 -15.000 0.000
-30.000 0.000 -8.000
-30.000 15.000 0.000
-30.000 25.000 8.000
-25.000 -25.000 8.000
-25.000 -15.000 0.000
-25.000 0.000 -8.000
-25.000 15.000 0.000
-25.000 25.000 8.000
-20.000 -25.000 8.000
-20.000 -15.000 0.000
-20.000 0.000 -8.000
-20.000 15.000 0.000
-20.000 25.000 8.000
-15.000 -25.000 8.000
-15.000 -15.000 0.000
-15.000 0.000 -8.000
-15.000 15.000 0.000
-15.000 25.000 8.000
-10.000 -25.000 8.000
-10.000 -15.000 0.000
-10.000 0.000 -8.000
-10.000 15.000 0.000
-10.000 25.000 8.000
-5.000 -25.000 8.000
-5.000 -15.000 0.000
-5.000 0.000 -8.000
-5.000 15.000 0.000
-5.000 25.000 8.000
0.000 -25.000 8.000
0.000 -15.000 0.000
0.000 0.000 -8.000
0.000 15.000 0.000
0.000 25.000 8.000
5.000 -25.000 8.000
5.000 -15.000 0.000
5.000 0.000 -8.000
5.000 15.000 0.000
5.000 25.000 8.000
10.000 -25.000 8.000
10.000 -15.000 0.000
10.000 0.000 -8.000
10.000 15.000 0.000
10.000 25.000 8.000
15.000 -25.000 8.000
15.000 -15.000 0.000
15.000 0.000 -8.000
15.000 15.000 0.000
15.000 25.000 8.000
20.000 -25.000 8.000
20.000 -15.000 0.000
20.000 0.000 -8.000
20.000 15.000 0.000
20.000 25.000 8.000
25.000 -25.000 8.000
25.000 -15.000 0.000
25.000 0.000 -8.000
25.000 15.000 0.000
25.000 25.000 8.000
30.000 -25.000 8.000
30.000 0.000 -8.000
30.000 25.000 8.000
